ESTACION  : CEADF
NOMBRE    : Campamento Amealco, Cd. de Méx.
ESTADO    : DISTRITO FEDERAL
MUNICIPIO : GUSTAVO A. MADERO
SITUACION : OPERANDO
ORGANISMO : CONAGUA-SIH
LATITUD   : 19.516667
LONGITUD  : -99.1375

           PRECIP   TMAX   TMIN
FECHA      (MM)     (°C)  (°C)
2010/01/01,0,5,29
2010/01/02,0,6,19
2010/01/03,0,5,15
2010/01/04,0,4,15
2010/01/05,0,5,26
2010/01/06,0,5,27.5
2010/01/07,10.5,6,16
2010/01/08,4.8,6,12
2010/01/09,12.2,5,15
2010/01/10,0,4,14
2010/01/11,0,3,13
2010/01/12,0,4,13
2010/01/13,0,5,16
2010/01/14,0,5,19
2010/01/15,0,5,17
2010/01/16,0,6,20
2010/01/17,0,7,23
2010/01/18,0,6,24
2010/01/19,0,5,25
2010/01/20,0,5,25
2010/01/21,0,4,26
2010/01/22,0,4,25
2010/01/23,0,4,25.5
2010/01/24,0,3,26
2010/01/25,0,6,24.5
2010/01/26,0,6,24
2010/01/27,0,6,24.5
2010/01/28,0,8,22
2010/01/29,0,9,20.5
2010/01/30,0.01,10,19
2010/01/31,0.01,9,17
2010/02/01,4.3,6,15
2010/02/02,3.5,7,17
2010/02/03,23.8,7,15
2010/02/04,10.5,4,14
2010/02/05,0,2,20
2010/02/06,0,2.5,22
2010/02/07,0,6,23
2010/02/08,0,6,24.5
2010/02/09,0,6,23
2010/02/10,0,8,24
2010/02/11,0,9,22.5
2010/02/12,0,6,22
2010/02/13,0,6,23
2010/02/14,0,15,25
2010/02/15,0,9,24
2010/02/16,0,5,19
2010/02/17,18.7,5,12
2010/02/18,1.8,4,11
2010/02/19,0,6,20.5
2010/02/20,0,5,22
2010/02/21,0,6,23
2010/02/22,0,6,23
2010/02/23,0,11,25
2010/02/24,0,2,11
2010/02/25,0,4,24
2010/02/26,0,4,24
2010/02/27,0,5,23
2010/02/28,0,5,24
2010/03/01,0,5,26
2010/03/02,0,6,25
2010/03/03,0,7,25
2010/03/04,0,8,25
2010/03/05,0,9,25.5
2010/03/06,0,8,25
2010/03/07,0,9,26
2010/03/08,0,11,21
2010/03/09,0,12,28
2010/03/10,0,10,27
2010/03/11,0,10,29
2010/03/12,0,8,27
2010/03/13,0,9,26
2010/03/14,0,10.5,30
2010/03/15,0,8,25
2010/03/16,0,9,25
2010/03/17,0,5,24
2010/03/18,0,7,25
2010/03/19,0,9,25
2010/03/20,0,9,26
2010/03/21,0,6.5,26
2010/03/22,0,8,25
2010/03/23,0,9,27.5
2010/03/24,0,10,28
2010/03/25,0,8,28
2010/03/26,0,8,28.5
2010/03/27,0,6,28
2010/03/28,0,7,18
2010/03/29,0,8,22
2010/03/30,0,8,25
2010/03/31,0,9,25
2010/04/01,0,10,26.5
2010/04/02,0,9.5,27
2010/04/03,0,8,25
2010/04/04,0,9,27
2010/04/05,0,10,26.5
2010/04/06,0,11,28
2010/04/07,0,10,27
2010/04/08,11.3,9,25
2010/04/09,0,10,25
2010/04/10,0,10,25
2010/04/11,2.5,10,26
2010/04/12,2.5,10,22
2010/04/13,0,8,19
2010/04/14,0,9,23.5
2010/04/15,0,8,25
2010/04/16,4.9,7,21.5
2010/04/17,0,8,22
2010/04/18,0,7,22.5
2010/04/19,0,9,25.5
2010/04/20,0,10,27
2010/04/21,0,10.5,28
2010/04/22,0,12,26.5
2010/04/23,0,13,26
2010/04/24,0,12,27
2010/04/25,0,11,28
2010/04/26,0,12,29
2010/04/27,0,11,29
2010/04/28,0,10,29
2010/04/29,0,8,28.5
2010/04/30,0,9,29
2010/05/01,0,9,30
2010/05/02,0,9.5,31.5
2010/05/03,0,13,30.5
2010/05/04,0,14,27
2010/05/05,0,11,28
2010/05/06,0,13,29.5
2010/05/07,0,13,30
2010/05/08,0,13,29
2010/05/09,0.01,13,30
2010/05/10,0,12,30
2010/05/11,0,14,29.5
2010/05/12,0,14.5,28.5
2010/05/13,0,15,26
2010/05/14,0,14,25
2010/05/15,0,12,25
2010/05/16,5.2,10,26
2010/05/17,0,12,25
2010/05/18,0,13,25
2010/05/19,0,14,27.5
2010/05/20,0,15,29
2010/05/21,0,15,30
2010/05/22,0,15,29
2010/05/23,0.01,15,29.5
2010/05/24,0,15,29
2010/05/25,0,15,29
2010/05/26,0,15,29
2010/05/27,0,13,25
2010/05/28,0,15,23.5
2010/05/29,0,13,27.5
2010/05/30,0,14,30
2010/05/31,0,15,30
2010/06/01,0,16,29
2010/06/02,0,15,30
2010/06/03,0,15,29.5
2010/06/04,0,15,30
2010/06/05,0,14,30
2010/06/06,0,15,29
2010/06/07,0,15,28
2010/06/08,3.5,13,28
2010/06/09,0,15,27
2010/06/10,0,7.5,28
2010/06/11,6.5,16,26.5
2010/06/12,0,15,26
2010/06/13,1.5,13,26
2010/06/14,2.5,13,25.5
2010/06/15,0.01,14,25
2010/06/16,12.2,13,20
2010/06/17,0.01,15,20
2010/06/18,0,15,22
2010/06/19,16.9,12,25
2010/06/20,0,8,24.5
2010/06/21,2.5,14,25
2010/06/22,0,13,26
2010/06/23,0,9,25.5
2010/06/24,4.2,11,24
2010/06/25,0,13,25
2010/06/26,0,13,26
2010/06/27,0,13,26
2010/06/28,0,15,26.5
2010/06/29,0,15,25
2010/06/30,4.5,15,25
2010/07/01,0,16,18
2010/07/02,0,15,26
2010/07/03,0,14,25
2010/07/04,7.2,12,25.5
2010/07/05,13.7,14,24
2010/07/06,4.2,14,23.5
2010/07/07,25.2,13,22
2010/07/08,3.5,13,20
2010/07/09,33.5,13,18.5
2010/07/10,0.01,13,20
2010/07/11,0,12,22.5
2010/07/12,0,5,23.5
2010/07/13,0,12,25
2010/07/14,0,12,22
2010/07/15,0,13,22
2010/07/16,0,12,23
2010/07/17,0,13,22
2010/07/18,4.2,14,23
2010/07/19,0,14,23.5
2010/07/20,16.4,13,22
2010/07/21,0,14,23
2010/07/22,6.2,13,18
2010/07/23,29.8,13,19
2010/07/24,9,13,15.5
2010/07/25,1.5,13,18
2010/07/26,0,13,21
2010/07/27,0,14,23
2010/07/28,10.2,11,19
2010/07/29,0,11,22.5
2010/07/30,0,12,22
2010/07/31,0,13,24
2010/08/01,0,13,23
2010/08/02,0,13,24
2010/08/03,0,12,24
2010/08/04,0,12,22
2010/08/05,3.2,12,23
2010/08/06,0,13,23.5
2010/08/07,63.4,13,24
2010/08/08,22.8,14,23
2010/08/09,22.2,14,24
2010/08/10,0,13,25
2010/08/11,0,13,23.5
2010/08/12,14.5,13,21
2010/08/13,0.01,14,22
2010/08/14,0,13,22
2010/08/15,24.2,12,23.5
2010/08/16,0,12,21
2010/08/17,4.5,14,21
2010/08/18,24.1,13,22.5
2010/08/19,0.01,11,21.5
2010/08/20,0,12,22
2010/08/21,9.2,10,21
2010/08/22,0,10,21
2010/08/23,0,10,20
2010/08/24,0,11,22
2010/08/25,0,13,20
2010/08/26,0,12,20
2010/08/27,0,12,20
2010/08/28,0,12,21
2010/08/29,0,11,23.5
2010/08/30,0,12,22.5
2010/08/31,0,13,18
2010/09/01,0,13,23
2010/09/02,0.01,14,24
2010/09/03,3,14,23
2010/09/04,7.4,12,24
2010/09/05,9.2,13,16
2010/09/06,0.01,14,18.5
2010/09/07,0,13,21.5
2010/09/08,0,14,24
2010/09/09,9.4,12,24
2010/09/10,0,13,24
2010/09/11,0,12,23
2010/09/12,0,12,23
2010/09/13,0,12,23
2010/09/14,0,13,22
2010/09/15,0,14,22.5
2010/09/16,0,13,23.5
2010/09/17,4.2,14,19
2010/09/18,25.5,13,28
2010/09/19,0.01,14,21
2010/09/20,0,14,23
2010/09/21,0,13,25
2010/09/22,0,13,24
2010/09/23,0,14,23
2010/09/24,1.8,12,21
2010/09/25,0,10,22
2010/09/26,0,10,21
2010/09/27,0,13,18.5
2010/09/28,0,12,21
2010/09/29,0,12,22.5
2010/09/30,0,6,18.5
2010/10/01,0,6.5,21.5
2010/10/02,0,9,21.5
2010/10/03,0,6,19
2010/10/04,0,6,20
2010/10/05,0,10,20.5
2010/10/06,0,9,19
2010/10/07,0,11,21.5
2010/10/08,0,10.5,22
2010/10/09,0,10,23
2010/10/10,2.2,11,25
2010/10/11,0,11,25
2010/10/12,0,12,25
2010/10/13,0,11,22
2010/10/14,0,6,15
2010/10/15,0,6,20
2010/10/16,0,7,21
2010/10/17,0,8,22.5
2010/10/18,0,10,24
2010/10/19,0,9,23.5
2010/10/20,0,10,25
2010/10/21,0,10,25
2010/10/22,0,10,24
2010/10/23,0,9,24
2010/10/24,0,10,25
2010/10/25,0,9,23
2010/10/26,0,10,24
2010/10/27,0,11,25.5
2010/10/28,0,8,22
2010/10/29,0,6,12
2010/10/30,0,9,22
2010/10/31,0,10,24
2010/11/01,0,9,23
2010/11/02,0,7,22
2010/11/03,0,5,18
2010/11/04,0,1,14
2010/11/05,0,1,16
2010/11/06,0,1,15
2010/11/07,0,1,18
2010/11/08,0,3,18
2010/11/09,0,3,20
2010/11/10,0,5,21
2010/11/11,0,5,21
2010/11/12,0,6,22
2010/11/13,0,6,21
2010/11/14,0,7,22
2010/11/15,0,8,23
2010/11/16,0,7,22
2010/11/17,0,8,22
2010/11/18,0,7,15
2010/11/19,0,0,21
2010/11/20,0,7,24
2010/11/21,0,7,25
2010/11/22,0,9,24
2010/11/23,0,8,24
2010/11/24,0,8.5,24.5
2010/11/25,0,10,24
2010/11/26,0,10,23
2010/11/27,0,9,23
2010/11/28,0,10,24
2010/11/29,0,8,23
2010/11/30,0,9,22
2010/12/01,0,7,20
2010/12/02,0,5,20
2010/12/03,0,3,20
2010/12/04,0,4,21
2010/12/05,0,4,20.5
2010/12/06,0,5,18
2010/12/07,0,5,18
2010/12/08,0,2,18
2010/12/09,0,1,18
2010/12/10,0,3,22
2010/12/11,0,3,25
2010/12/12,0,3,29
2010/12/13,0,3,19
2010/12/14,0,3,24
2010/12/15,0,4,21.5
2010/12/16,0,4,21
2010/12/17,0,3,21
2010/12/18,0,4,22
2010/12/19,0,4,22
2010/12/20,0,4,23
2010/12/21,3.98,3,23
2010/12/22,0,3,23
2010/12/23,0,3,23
2010/12/24,0,5,22
2010/12/25,0,6,18
2010/12/26,0,5,18
2010/12/27,0,5,20
2010/12/28,0,7,20
2010/12/29,0,6,22
2010/12/30,0,5,22
2010/12/31,0,7,22
2011/01/01,0,6,22
2011/01/02,0,5,23
2011/01/03,0,6,24
2011/01/04,0,6,24
2011/01/05,0,6,24
2011/01/06,0,5.5,24
2011/01/07,0,6,25
2011/01/08,0,7,24
2011/01/09,0,5,24
2011/01/10,0,5,25
2011/01/11,0,6,21
2011/01/12,0,3,20
2011/01/13,0,4,18
2011/01/14,0,5,19
2011/01/15,0,5,20
2011/01/16,0,3,19
2011/01/17,0,4,22
2011/01/18,0,4,23
2011/01/19,0,4,25
2011/01/20,0,5,25
2011/01/21,0,6,24
2011/01/22,0,5,24
2011/01/23,0,5,24
2011/01/24,0,5,24
2011/01/25,0,5,22
2011/01/26,0,6,23
2011/01/27,0,7,24
2011/01/28,0,7,22
2011/01/29,0,6,23
2011/01/30,0,6,24
2011/01/31,0,8,25
2011/02/01,0,5,25
2011/02/02,0,8,24
2011/02/03,0,10,21
2011/02/04,0,10,21
2011/02/05,0,10,21
2011/02/06,0,8,22
2011/02/07,0,6,24
2011/02/08,0,8,25
2011/02/09,0,9,25
2011/02/10,0,10,25
2011/02/11,0,9,24
2011/02/12,0,9.5,25
2011/02/13,0,5,22.5
2011/02/14,0,5,22.5
2011/02/15,0,5,24
2011/02/16,0,6,25.5
2011/02/17,0,5,26
2011/02/18,0,6,26
2011/02/19,0,7,26
2011/02/20,0,7,27
2011/02/21,0,9,25.5
2011/02/22,0,9,26
2011/02/23,0,10,25
2011/02/24,0,10,25
2011/02/25,0,10,26
2011/02/26,0,9,26
2011/02/27,0,10,27
2011/02/28,0,9,26
2011/03/01,0,7,26
2011/03/02,0,6.5,26.5
2011/03/03,0,8,27
2011/03/04,0,9,22
2011/03/05,0,8,27
2011/03/06,5.1,8,26.5
2011/03/07,2.2,9,25
2011/03/08,0,8,26
2011/03/09,0,8,25
2011/03/10,0,4,20
2011/03/11,0,5,22
2011/03/12,0,7,25
2011/03/13,0,10,25
2011/03/14,0,9,25.5
2011/03/15,0,8,22
2011/03/16,0,8,24
2011/03/17,0,7,25
2011/03/18,0,6,26
2011/03/19,0,7,26
2011/03/20,0,6,27
2011/03/21,0,9,26
2011/03/22,0,10,26
2011/03/23,0,8,25
2011/03/24,0,9,27
2011/03/25,0,11,28.5
2011/03/26,0,12,29
2011/03/27,3.4,7,30
2011/03/28,0,9.5,28.5
2011/03/29,0,12,29
2011/03/30,0,10.5,29.5
2011/03/31,0,7,28.5
2011/04/01,0,12,28.5
2011/04/02,0,10,28
2011/04/03,0,10,27
2011/04/04,0,11,28
2011/04/05,0,12,27
2011/04/06,0,12,28.5
2011/04/07,0,12.5,29
2011/04/08,0,12.5,30
2011/04/09,0,13,30
2011/04/10,0,12,30.5
2011/04/11,0,11.5,31
2011/04/12,0,12.5,28
2011/04/13,0,12,29
2011/04/14,0,13,30
2011/04/15,19.5,10.5,30.5
2011/04/16,8.3,10.5,25.5
2011/04/17,1.8,10.5,24
2011/04/18,0,10,25
2011/04/19,5.9,10,25
2011/04/20,0,10,27
2011/04/21,0,11.5,27
2011/04/22,0,12.5,27
2011/04/23,0,12,28
2011/04/24,0,15,28
2011/04/25,0,14,29
2011/04/26,0,13,30
2011/04/27,0,14,30.5
2011/04/28,0,11,28
2011/04/29,0,13,30
2011/04/30,0,13,29.5
2011/05/01,0,13,29
2011/05/02,0,13.5,29
2011/05/03,0,8,21
2011/05/04,0,10,26
2011/05/05,0,11,26.5
2011/05/06,0,13,27
2011/05/07,0,13,29
2011/05/08,0,14.5,30
2011/05/09,0,14.5,29.5
2011/05/10,0,15,29
2011/05/11,2.1,15,25
2011/05/12,0,14.5,29
2011/05/13,13,15,30
2011/05/14,0,14,29
2011/05/15,3.5,13.5,30
2011/05/16,0,14,29.5
2011/05/17,0,14,30
2011/05/18,0,14,29.5
2011/05/19,0,14,29
2011/05/20,1.2,14,30
2011/05/21,0,13.5,29
2011/05/22,0,14.5,30.5
2011/05/23,0,14,30
2011/05/24,0,15,32.5
2011/05/25,0,16,33
2011/05/26,0,15,32
2011/05/27,0,14,32.5
2011/05/28,0,14,31.5
2011/05/29,0,14,31.5
2011/05/30,9.1,15,30
2011/05/31,0,12,27
2011/06/01,0,10,27
2011/06/02,0,10,26
2011/06/03,0,10.5,27
2011/06/04,0,11,26
2011/06/05,0,13,24.5
2011/06/06,0,11,27
2011/06/07,0,12,27.5
2011/06/08,0,12,28
2011/06/09,0,13,29
2011/06/10,0,13,28.5
2011/06/11,0,13,28
2011/06/12,0,13,28
2011/06/13,0,12,28.5
2011/06/14,0,13,28
2011/06/15,0,14,29.5
2011/06/16,0,13,28.5
2011/06/17,0,14,30
2011/06/18,0,13.5,26.5
2011/06/19,0,16,29.5
2011/06/20,6.2,13,27.5
2011/06/21,2.5,9,28
2011/06/22,6.2,8,24
2011/06/23,13.8,14,24
2011/06/24,22.2,14,23
2011/06/25,9.5,13.5,22.5
2011/06/26,15.2,13,24
2011/06/27,2.7,8,28
2011/06/28,3.1,13,21.5
2011/06/29,10.9,12,19
2011/06/30,75.7,13,15
2011/07/01,8.3,13,21
2011/07/02,5.4,13,20
2011/07/03,13.2,11,20.5
2011/07/04,0,12,25
2011/07/05,12.2,13,24
2011/07/06,0,13,23
2011/07/07,3.1,13,24
2011/07/08,8.5,13.5,22.5
2011/07/09,0,13.5,21.5
2011/07/10,5,12,24.5
2011/07/11,0,12,23.5
2011/07/12,0.6,12,24
2011/07/13,2.3,13,22.5
2011/07/14,4.8,13,20
2011/07/15,4.5,12,23.5
2011/07/16,3.1,12,20
2011/07/17,1.5,12,21
2011/07/18,0,11,24.5
2011/07/19,3.3,12,24.5
2011/07/20,0,12,24
2011/07/21,10.2,11,26
2011/07/22,0,11,24
2011/07/23,0,11,25
2011/07/24,6.3,12,24
2011/07/25,17.1,13,24.5
2011/07/26,10.2,11,24
2011/07/27,0,11,23.5
2011/07/28,0,12,25
2011/07/29,0,13,25
2011/07/30,3.5,12,22
2011/07/31,0,8,21.5
2011/08/01,0,12,22.5
2011/08/02,0,12,26
2011/08/03,6.2,13,22
2011/08/04,5.6,13,26.5
2011/08/05,0,12,26
2011/08/06,0,13,25.5
2011/08/07,0,12,25
2011/08/08,0,12.5,26
2011/08/09,0,13,27
2011/08/10,0,13,27.5
2011/08/11,0,13,29
2011/08/12,0,13,26.5
2011/08/13,5.3,13,26
2011/08/14,2.8,12,25
2011/08/15,0,12,25.5
2011/08/16,3.2,11,25.5
2011/08/17,0,12,26.5
2011/08/18,0,12,27
2011/08/19,0,11,26.5
2011/08/20,0,11,27.5
2011/08/21,0,12,25
2011/08/22,17.1,13,24.5
2011/08/23,9.4,13,24
2011/08/24,0,13,25
2011/08/25,13.2,13,26
2011/08/26,0,14,24.5
2011/08/27,0,14,25
2011/08/28,41.5,13,24
2011/08/29,1.5,12,22
2011/08/30,29.3,13,26.5
2011/08/31,0,14,22
2011/09/01,7.2,14,22.5
2011/09/02,5.2,14,25
2011/09/03,23.5,12,20
2011/09/04,3.8,13,21
2011/09/05,3.7,12,25
2011/09/06,0,11,23
2011/09/07,2.9,12,22
2011/09/08,0,11,21
2011/09/09,0,10,20
2011/09/10,0,10,22.5
2011/09/11,0,10,17
2011/09/12,0,10,24
2011/09/13,0,11,25.5
2011/09/14,0,10.5,26
2011/09/15,4.7,12,25.5
2011/09/16,4.9,12.5,25
2011/09/17,0,12,25.5
2011/09/18,0,11,24.5
2011/09/19,0,12,25.5
2011/09/20,0,12.5,24.5
2011/09/21,0,11.5,25
2011/09/22,0,12,23.5
2011/09/23,0,12.5,18
2011/09/24,0,11,24
2011/09/25,0,11,25.5
2011/09/26,5.7,11.5,26
2011/09/27,0,11,26
2011/09/28,0,11,26
2011/09/29,0,12,25
2011/09/30,0,12.5,24
2011/10/01,0,11,24.5
2011/10/02,0,10.5,18.5
2011/10/03,0,12,22.5
2011/10/04,0,13,25
2011/10/05,0,13,25.5
2011/10/06,4.1,14,25
2011/10/07,25.8,11,25.5
2011/10/08,17.5,12,23
2011/10/09,31.5,12,22
2011/10/10,27.8,12,21.5
2011/10/11,0,12,21
2011/10/12,8.5,13,25
2011/10/13,3.6,9,21
2011/10/14,0,9,20.5
2011/10/15,0,8.5,22
2011/10/16,0,8.5,23
2011/10/17,0,8,24
2011/10/18,0,9,23.5
2011/10/19,0,7.5,21.5
2011/10/20,0,6,23.5
2011/10/21,0,7,25
2011/10/22,0,4,23
2011/10/23,0,4,22
2011/10/24,0,4,22.5
2011/10/25,0,4.5,23
2011/10/26,0,5,23
2011/10/27,0,5,25
2011/10/28,0,7,24
2011/10/29,0,5,23
2011/10/30,0,4,24
2011/10/31,0,5,23
2011/11/01,0,6,23
2011/11/02,0,8,25
2011/11/03,0,8,25.5
2011/11/04,0,10,22.5
2011/11/05,0,10,24
2011/11/06,0,11.5,25
2011/11/07,0,9,25
2011/11/08,3.5,13,25
2011/11/09,1.8,12,22
2011/11/10,5.6,8,20
2011/11/11,0,9,21
2011/11/12,0,9,22
2011/11/13,0,10,23.5
2011/11/14,0,9,24
2011/11/15,0,8.5,24.5
2011/11/16,0,10,25
2011/11/17,0,9,20.5
2011/11/18,0,10,22
2011/11/19,4.2,10,24
2011/11/20,0,9,22.5
2011/11/21,0,9,24
2011/11/22,0,10,25
2011/11/23,0,10,24
2011/11/24,0,7,23.5
2011/11/25,4.9,9,23.5
2011/11/26,0,9,19
2011/11/27,6.8,3,14
2011/11/28,0,3,15
2011/11/29,0,3,17
2011/11/30,0,3,20
2011/12/01,0,9,23
2011/12/02,0,6,24
2011/12/03,0,6,24
2011/12/04,0,7,27
2011/12/05,0,8,29
2011/12/06,0,9,24.5
2011/12/07,0,7,23
2011/12/08,0,7,21
2011/12/09,0,6.5,21.5
2011/12/10,0,7,22.5
2011/12/11,0,5,21
2011/12/12,0,6,21
2011/12/13,0,6,22.5
2011/12/14,0,7,24.5
2011/12/15,0,7,23
2011/12/16,0,7,22.5
2011/12/17,0,6.5,17
2011/12/18,0,6,21.5
2011/12/19,0,6,22.5
2011/12/20,0,7,22
2011/12/21,0,8,22.5
2011/12/22,0,7,23
2011/12/23,0,7,23
2011/12/24,0,6,22.5
2011/12/25,0,7,22.5
2011/12/26,0,7,23
2011/12/27,0,8,23
2011/12/28,0,7,22.5
2011/12/29,0,7,23
2011/12/30,0,9,23
2011/12/31,0,6,22.5
2012/01/01,0,7,20
2012/01/02,0,5,12.5
2012/01/03,0,4.5,17
2012/01/04,0,5,20
2012/01/05,0,5,18.5
2012/01/06,0,5,19
2012/01/07,0,6,21
2012/01/08,0,7,23
2012/01/09,0,6,23
2012/01/10,0,7,23
2012/01/11,0,6.5,23.5
2012/01/12,0,7,22.5
2012/01/13,0,8,22
2012/01/14,0,9,21.5
2012/01/15,2.8,5,28
2012/01/16,0,6,20
2012/01/17,0,6,22.5
2012/01/18,0,6.5,22.5
2012/01/19,0,6,23
2012/01/20,0,6,22.5
2012/01/21,0,6.5,23.5
2012/01/22,0,7.5,24
2012/01/23,0,8.5,24
2012/01/24,0,7,23
2012/01/25,0,6,26
2012/01/26,0,6,21.5
2012/01/27,0,7,26.5
2012/01/28,0,8,21.5
2012/01/29,4.2,4,15
2012/01/30,0,9,18.5
2012/01/31,2.5,9,20
2012/02/01,0,7,18.5
2012/02/02,1.5,6.5,20.5
2012/02/03,0,5.5,22
2012/02/04,0,6.5,22
2012/02/05,5.4,6,22.5
2012/02/06,3.2,7,19.5
2012/02/07,3.5,13,16
2012/02/08,1.8,7,19
2012/02/09,8.2,8,17.5
2012/02/10,3.2,8,12.5
2012/02/11,0,9,17
2012/02/12,0,10,17.5
2012/02/13,0,11,19
2012/02/14,0,10,19.5
2012/02/15,0,9,20
2012/02/16,0,9,24
2012/02/17,0,9,24
2012/02/18,0,7,24.5
2012/02/19,0,9,24
2012/02/20,6.5,9,24
2012/02/21,0,9,24.5
2012/02/22,0,10,24
2012/02/23,0,10,24
2012/02/24,4,8.5,24.5
2012/02/25,3.2,8,20
2012/02/26,0,8,23
2012/02/27,0,8,19.5
2012/02/28,0,8.5,25
2012/02/29,0,9,26.5
2012/03/01,0,10,27
2012/03/02,0,11,28
2012/03/03,0,9,28
2012/03/04,0,8,22
2012/03/05,0,8,23
2012/03/06,0,8,25.5
2012/03/07,0,11,26
2012/03/08,0,11,27
2012/03/09,0,10,27
2012/03/10,3.8,9,25
2012/03/11,0,9,22
2012/03/12,1.6,8,25.5
2012/03/13,0,8,25
2012/03/14,0,8.5,25.5
2012/03/15,0,9,25
2012/03/16,0,9,24.5
2012/03/17,5.6,10,26
2012/03/18,0,11,22
2012/03/19,0,8,25
2012/03/20,0,7,25.5
2012/03/21,0,8,25
2012/03/22,0,8.5,25.5
2012/03/23,0,9,25.5
2012/03/24,0,8.5,26.5
2012/03/25,0,8,26
2012/03/26,0,10,25
2012/03/27,0,11,25
2012/03/28,0,10,24.5
2012/03/29,0,9,22.5
2012/03/30,0,11,23.5
2012/03/31,0,11.5,23
2012/04/01,0,12,23.5
2012/04/02,0,8.5,24
2012/04/03,0,9,26
2012/04/04,0,10,27
2012/04/05,0,10,27.5
2012/04/06,0,9,24.5
2012/04/07,0,9.5,26
2012/04/08,0,9,24
2012/04/09,0,10,25.5
2012/04/10,5.4,11.5,25
2012/04/11,12.3,12,24.5
2012/04/12,0,11,26
2012/04/13,0,9.5,26
2012/04/14,0,10,26.5
2012/04/15,0,10,26
2012/04/16,0,10,26.5
2012/04/17,12.2,9,24
2012/04/18,1.5,9,23.5
2012/04/19,0,9.5,24
2012/04/20,0,10,22
2012/04/21,0,9,25
2012/04/22,0,8,24
2012/04/23,0,7,26.5
2012/04/24,0,9,24
2012/04/25,0,8,28.5
2012/04/26,0,8,29.5
2012/04/27,0,10,31.5
2012/04/28,0,11,30
2012/04/29,0,11,30
2012/04/30,0,13,32
2012/05/01,7.9,13,32
2012/05/02,0,13,32
2012/05/03,0,14,32.5
2012/05/04,0,14.5,32
2012/05/05,0,12,31
2012/05/06,0,12.5,30.5
2012/05/07,0,14,29
2012/05/08,0,16,29
2012/05/09,4.3,13,28.5
2012/05/10,0,15,27
2012/05/11,0,13,29
2012/05/12,4.8,13,25
2012/05/13,0,13,24
2012/05/14,0,12,27
2012/05/15,0,11,29
2012/05/16,6.7,13,28.5
2012/05/17,0,12,25
2012/05/18,0,11,27
2012/05/19,0,11,28
2012/05/20,0,10,27
2012/05/21,0,10,27.5
2012/05/22,0,11.5,28
2012/05/23,0,10,28
2012/05/24,8.1,13,29.5
2012/05/25,0,12,29
2012/05/26,0,13,23.5
2012/05/27,0,13,29
2012/05/28,0,11,30
2012/05/29,0,10,29.5
2012/05/30,0,11,26.5
2012/05/31,0,13,32.5
2012/06/01,18.5,13,31
2012/06/02,2.2,12,29
2012/06/03,0,12,26
2012/06/04,0,12,28
2012/06/05,0,13,27
2012/06/06,3.2,13,29
2012/06/07,0,13,24
2012/06/08,0,11.5,28
2012/06/09,0,12,30
2012/06/10,0,12,30
2012/06/11,3.8,13,31.5
2012/06/12,2.8,12.5,30
2012/06/13,0,12,29.5
2012/06/14,0,13,28
2012/06/15,0,14,28
2012/06/16,5.7,14,20
2012/06/17,12.8,13,21
2012/06/18,0,14,27
2012/06/19,0,14,22
2012/06/20,12.5,13,21
2012/06/21,0,13,21.5
2012/06/22,10.5,14,25
2012/06/23,8.2,14.5,25.5
2012/06/24,4.5,13,26
2012/06/25,0,13,27
2012/06/26,0,13,25.5
2012/06/27,0,14,26.5
2012/06/28,9.8,13,26
2012/06/29,2.5,14,27
2012/06/30,25.3,14,25.5
2012/07/01,14.5,12,21
2012/07/02,4.2,12.5,26
2012/07/03,8.5,10,24
2012/07/04,0,11,24.5
2012/07/05,0,11,25
2012/07/06,4.3,11,25.5
2012/07/07,5.2,11.5,26
2012/07/08,8.3,12,25
2012/07/09,1.5,13,25
2012/07/10,2.8,12,24
2012/07/11,2.5,13,26
2012/07/12,1,12,24
2012/07/13,17.5,13,23.5
2012/07/14,13.8,13.5,20
2012/07/15,6.2,12,22
2012/07/16,0,12,24
2012/07/17,9.1,12,24.5
2012/07/18,0,13,22
2012/07/19,0,12,24.5
2012/07/20,2.5,12,23
2012/07/21,0,15,25
2012/07/22,6.2,12,25.5
2012/07/23,3.5,13,24
2012/07/24,2.5,12,25
2012/07/25,2.8,14,25.5
2012/07/26,13.5,13,26
2012/07/27,2.2,13,25
2012/07/28,0,11,25.5
2012/07/29,23.3,11,25.5
2012/07/30,0,13,26
2012/07/31,0,11,26.5
2012/08/01,0,12,26.5
2012/08/02,0,13,27
2012/08/03,3.8,14,25
2012/08/04,2.5,13,26
2012/08/05,0,11.5,25.5
2012/08/06,2.5,12,26
2012/08/07,0,13,26
2012/08/08,6.1,14,26
2012/08/09,13.1,13,18.5
2012/08/10,14.8,14,19.5
2012/08/11,3.7,13.5,21
2012/08/12,0,14,20
2012/08/13,24.5,13,21
2012/08/14,0,12,24.5
2012/08/15,5.8,12,26
2012/08/16,0,13,26.5
2012/08/17,0,14,25
2012/08/18,0,14,21
2012/08/19,0,13.5,20
2012/08/20,27.1,13,21.5
2012/08/21,0,12,21
2012/08/22,0,12,21.5
2012/08/23,14.5,14,23
2012/08/24,0,14,22
2012/08/25,0,13,22.5
2012/08/26,0,12,23
2012/08/27,0,13,22
2012/08/28,0,12,24
2012/08/29,0,12,24.5
2012/08/30,0,13,25
2012/08/31,0,12,26
2012/09/01,0,12,21.5
2012/09/02,0,11,26
2012/09/03,0,12,27
2012/09/04,5.2,11,26
2012/09/05,0,12,26
2012/09/06,0,12,27
2012/09/07,0,13,26
2012/09/08,1.5,12,25
2012/09/09,0,12,23
2012/09/10,0,12,27
2012/09/11,0,13,25
2012/09/12,7.3,13,24
2012/09/13,0,13,24
2012/09/14,6.2,12,25
2012/09/15,18.6,12,22.5
2012/09/16,24.8,13,24
2012/09/17,0,14,22.5
2012/09/18,0,12,21
2012/09/19,0,10,22
2012/09/20,0,10,22.5
2012/09/21,0,10.5,23
2012/09/22,0,12.5,24
2012/09/23,0,10,21.5
2012/09/24,0,13,21
2012/09/25,0,14,23
2012/09/26,0,14.5,23
2012/09/27,3.8,13.5,24.5
2012/09/28,0,14,25.5
2012/09/29,3.3,14.5,25
2012/09/30,8.2,13,20
2012/10/01,0,13,23.5
2012/10/02,0,9,21
2012/10/03,0,8,24.5
2012/10/04,0,8,25
2012/10/05,0,7,25
2012/10/06,0,8,25
2012/10/07,0,8,24.5
2012/10/08,0,12,22.5
2012/10/09,7.3,12,25
2012/10/10,0,12,22.5
2012/10/11,0,11,25
2012/10/12,0,12,22.5
2012/10/13,0,11,25
2012/10/14,0,9,25.5
2012/10/15,0,9.5,25
2012/10/16,0,10,25.5
2012/10/17,0,11,26
2012/10/18,0,11,26
2012/10/19,0,12,26
2012/10/20,0,10,25
2012/10/21,0,11,25.5
2012/10/22,0,11,26
2012/10/23,0,13,26.5
2012/10/24,0,9,25.5
2012/10/25,0,13,27
2012/10/26,0,8,25.5
2012/10/27,0,10,25
2012/10/28,0,10,25
2012/10/29,0,11,24
2012/10/30,0,9,22
2012/10/31,0,9,22.5
2012/11/01,0,9,21
2012/11/02,0,11,25
2012/11/03,0,11,22.5
2012/11/04,2.5,12,19
2012/11/05,1.5,12,20
2012/11/06,0,8,19
2012/11/07,3.6,7,22
2012/11/08,0,7,21.5
2012/11/09,0,7,22.5
2012/11/10,0,8,25
2012/11/11,0,10,24.5
2012/11/12,0,11,23
2012/11/13,0,9,24
2012/11/14,0,9,19
2012/11/15,0,9,23
2012/11/16,0,10,22.5
2012/11/17,0,9,20.5
2012/11/18,0,7,24
2012/11/19,0,6.5,25
2012/11/20,0,6.5,25
2012/11/21,0,8,22
2012/11/22,0,9.5,22
2012/11/23,0,9.5,22.5
2012/11/24,0,6.5,20.5
2012/11/25,0,6.5,22
2012/11/26,0,6.5,23
2012/11/27,0,7,23
2012/11/28,0,7,22.5
2012/11/29,0,8,23.5
2012/11/30,0,8.5,23
2012/12/01,0,7,22.5
2012/12/02,0,7.5,23
2012/12/03,0,8,22.5
2012/12/04,0,7,22.5
2012/12/05,0,6,21
2012/12/06,0,6.5,23
2012/12/07,0,6,23
2012/12/08,0,8,23.5
2012/12/09,0,9,24
2012/12/10,0,9,24.5
2012/12/11,0,9,25
2012/12/12,0,9,23.5
2012/12/13,0,8,22
2012/12/14,0,8.5,24.5
2012/12/15,0,9,25
2012/12/16,0,8,26
2012/12/17,0,9,25.5
2012/12/18,0,9,24.5
2012/12/19,0,9,26.5
2012/12/20,0,8,24.5
2012/12/21,0,5,22.5
2012/12/22,0,6,22
2012/12/23,0,5,24.5
2012/12/24,0,7,25.5
2012/12/25,0,7,24
2012/12/26,0,7,23
2012/12/27,0,7.5,25
2012/12/28,0,8,26
2012/12/29,0,5.5,24
2012/12/30,0,7,24.5
2012/12/31,0,8,23.5
2013/01/01,0,9,24
2013/01/02,0,6,23
2013/01/03,0,4.5,17
2013/01/04,0,5.5,21
2013/01/05,2.5,8,22.5
2013/01/06,0,7,23
2013/01/07,0,8,22.5
2013/01/08,0,11,22
2013/01/09,0,8,24.5
2013/01/10,0,9.5,25.5
2013/01/11,0,10,25.5
2013/01/12,0,9,25
2013/01/13,0,9,26.5
2013/01/14,0,10,27.5
2013/01/15,0,11,27
2013/01/16,0,7.5,26
2013/01/17,0,7,24
2013/01/18,0,4,18.5
2013/01/19,0,8,24
2013/01/20,0,6,20
2013/01/21,0,9,18
2013/01/22,0,8.5,17.5
2013/01/23,0,6,18
2013/01/24,0,6,20.5
2013/01/25,0,6,22.5
2013/01/26,0,6,24
2013/01/27,0,8,24.5
2013/01/28,0,10,25
2013/01/29,0,8,25
2013/01/30,0,9,25
2013/01/31,0,8.5,26
2013/02/01,0,9,26.5
2013/02/02,0,7,25
2013/02/03,0,8,25
2013/02/04,4.5,9,25.5
2013/02/05,0,9,25
2013/02/06,0,10,26
2013/02/07,0,10.5,27
2013/02/08,0,10,26
2013/02/09,0,11,26.5
2013/02/10,0,9,27
2013/02/11,0,9,27.5
2013/02/12,0,8.5,29
2013/02/13,0,8,28
2013/02/14,0,9,27
2013/02/15,0,10,25.5
2013/02/16,0,10,21
2013/02/17,0,6,25
2013/02/18,0,10,25.5
2013/02/19,0,10,26
2013/02/20,0,10.5,24
2013/02/21,0,10,23
2013/02/22,0,11,28
2013/02/23,0,10,28
2013/02/24,0,10,28.5
2013/02/25,0,11,27
2013/02/26,0,10,29
2013/02/27,0,11,29
2013/02/28,0,11,29
2013/03/01,0,11,29
2013/03/02,0,11,29
2013/03/03,0,11,29
2013/03/04,0,10,28
2013/03/05,0,09,27
2013/03/06,0,7,26
2013/03/07,0,9,26
2013/03/08,0,11,26.5
2013/03/09,0,11,28
2013/03/10,0,11,27
2013/03/11,0,12,28
2013/03/12,0,10,27
2013/03/13,0,9,27.5
2013/03/14,0,8,19
2013/03/15,0,9,14
2013/03/16,0,8,18
2013/03/17,0,7,24
2013/03/18,0,9,25
2013/03/19,0,10,27.5
2013/03/20,0,10,28
2013/03/21,0,13,29
2013/03/22,0,11,28.5
2013/03/23,0,11,28
2013/03/24,0,11,28
2013/03/25,0,9,28
2013/03/26,0,8,27
2013/03/27,0,9,26
2013/03/28,0,11,26
2013/03/29,0,12,27
2013/03/30,0,13,28
2013/03/31,0,13,28
2013/04/01,0,14,29
2013/04/02,0,13,29
2013/04/03,0,12.5,29.5
2013/04/04,0,11,29.5
2013/04/05,0,11,26
2013/04/06,0,12,28
2013/04/07,6.3,14,28
2013/04/08,0,13,28
2013/04/09,0,13,29.5
2013/04/10,0,13,30
2013/04/11,0,14,29
2013/04/12,0,11,30
2013/04/13,0,12,29.5
2013/04/14,0,12,31
2013/04/15,0,13,31
2013/04/16,0,14,32
2013/04/17,0,14,32
2013/04/18,0,15,32
2013/04/19,0,9.5,29
2013/04/20,0,10,30
2013/04/21,7.7,13,30
2013/04/22,0,14,35
2013/04/23,2.5,15,29
2013/04/24,3,13,27
2013/04/25,9.5,11,26.5
2013/04/26,0,11,24
2013/04/27,0,13,29
2013/04/28,0,13,28
2013/04/29,0,14,28.5
2013/04/30,0,11,28
2013/05/01,0,13,30
2013/05/02,0,12,29
2013/05/03,0,13,26.5
2013/05/04,0,11,29
2013/05/05,0,11,29.5
2013/05/06,0,11.5,28.5
2013/05/07,0,13,29
2013/05/08,0,14,29
2013/05/09,0,14,30
2013/05/10,0,14,29.5
2013/05/11,0,13,30
2013/05/12,2.3,13,25.5
2013/05/13,7.5,12,22.5
2013/05/14,14.5,12,25.5
2013/05/15,0,13,25
2013/05/16,0,14,27
2013/05/17,0,13,29.5
2013/05/18,2.8,13,30.5
2013/05/19,0,15,29.5
2013/05/20,0,15,29
2013/05/21,0,15,30
2013/05/22,5.5,13,32
2013/05/23,3.7,14,29.5
2013/05/24,0,13,26.5
2013/05/25,4.2,13,25.5
2013/05/26,21.8,13,24
2013/05/27,0,12,24
2013/05/28,0,13,28.5
2013/05/29,0,15,27.5
2013/05/30,0,13,29
2013/05/31,0,14,28.5
2013/06/01,0,14,29
2013/06/02,0,14,28.5
2013/06/03,0,13.5,26.5
2013/06/04,0,13,29
2013/06/05,0,13.5,29
2013/06/06,0,13,30
2013/06/07,0,13,30
2013/06/08,0,12,30
2013/06/09,2.5,12,15
2013/06/10,7.9,13,25.5
2013/06/11,1.8,13,24
2013/06/12,32.6,13,26
2013/06/13,0,14,24
2013/06/14,17.9,11,22
2013/06/15,0,12,25.5
2013/06/16,1.5,14,26.5
2013/06/17,0,13,26.5
2013/06/18,0,12,27
2013/06/19,2.9,14,25.5
2013/06/20,4.2,14.5,25
2013/06/21,13.2,14,20
2013/06/22,1.5,14.5,22
2013/06/23,3.5,13,24.5
2013/06/24,21.5,14,24.5
2013/06/25,0,13,24.5
2013/06/26,0,13,25
2013/06/27,0,11,25
2013/06/28,0,12,25.5
2013/06/29,18.5,11,24
2013/06/30,0,11,25.5
2013/07/01,0,11.5,26.5
2013/07/02,1.5,13,25
2013/07/03,0,13,25.5
2013/07/04,17.8,14,24.5
2013/07/05,26.5,11,22
2013/07/06,2.6,13,25
2013/07/07,0,13,23.5
2013/07/08,0,14,23.5
2013/07/09,0,13.5,25
2013/07/10,10.5,14,25
2013/07/11,53.1,11,24
2013/07/12,13.2,12,22
2013/07/13,0,13,23.5
2013/07/14,0,12,24
2013/07/15,0,11.5,25.5
2013/07/16,0,12,24
2013/07/17,12.7,12,23.5
2013/07/18,21.5,13,23.5
2013/07/19,7.2,12,23.5
2013/07/20,8.5,13,25
2013/07/21,0,13,25.5
2013/07/22,11.5,14,24
2013/07/23,0,13,26.5
2013/07/24,2.6,14,25
2013/07/25,3.5,14,24.5
2013/07/26,0,11,26.5
2013/07/27,0,12,27
2013/07/28,0,14,26
2013/07/29,0,13,27.5
2013/07/30,0,13,26.5
2013/07/31,0,14,25.5
2013/08/01,0,13,26.5
2013/08/02,0,14,26
2013/08/03,4.5,14,26.5
2013/08/04,1.8,13,25
2013/08/05,2.5,13,25
2013/08/06,5.2,14,26
2013/08/07,0,13,26.5
2013/08/08,0,12,25
2013/08/09,14.5,11,26.5
2013/08/10,0,12,23
2013/08/11,9.5,13,24
2013/08/12,4.5,11,23
2013/08/13,0,10,24
2013/08/14,2.2,10.5,23
2013/08/15,12.8,11,24
2013/08/16,0,11,26
2013/08/17,0,12,25
2013/08/18,0,11,25.5
2013/08/19,5.5,10,23
2013/08/20,8.8,11.5,21.5
2013/08/21,0,13,21.5
2013/08/22,2.6,14,24
2013/08/23,0,13,24
2013/08/24,0,14,24.5
2013/08/25,0,12,21.5
2013/08/26,16.2,13,21.5
2013/08/27,0,13,24
2013/08/28,0,12,24
2013/08/29,9.2,11,22
2013/08/30,19.1,11,23
2013/08/31,19.5,12,24
2013/09/01,0,13,25
2013/09/02,24.5,11,24
2013/09/03,8.5,12,19
2013/09/04,26.5,13,20.5
2013/09/05,19.5,13,22.5
2013/09/06,14.5,13,24
2013/09/07,5.2,13,23
2013/09/08,2.5,13.5,20
2013/09/09,22.2,11,23
2013/09/10,0,12,24
2013/09/11,0,13,24
2013/09/12,0,14,23
2013/09/13,2.1,14,19
2013/09/14,7.5,13,18
2013/09/15,2.2,13,19
2013/09/16,3.5,11,19
2013/09/17,8.5,11,19
2013/09/18,0,13,20.5
2013/09/19,41.5,15,25
2013/09/20,8.5,13,24
2013/09/21,2.5,13,25
2013/09/22,0,14,24
2013/09/23,0,15,25
2013/09/24,33.5,13,24
2013/09/25,2.5,13,22
2013/09/26,0,12,21
2013/09/27,0,12,25
2013/09/28,0,12,26
2013/09/29,0,13,25
2013/09/30,0,13,25.5
2013/10/01,0,11.5,25.5
2013/10/02,0,10,25
2013/10/03,0,11,25
2013/10/04,0,11.5,26
2013/10/05,0,13,27
2013/10/06,4.5,13,25
2013/10/07,1.5,11,18.5
2013/10/08,0,11,23
2013/10/09,13.5,13,24
2013/10/10,1.5,14,25.5
2013/10/11,2.5,14,26.5
2013/10/12,0,12,25.5
2013/10/13,0,13,26
2013/10/14,0,11,25.5
2013/10/15,0,12,25
2013/10/16,0,12.5,25
2013/10/17,0,13,27
2013/10/18,13.5,12,25
2013/10/19,19.3,11.5,24
2013/10/20,0,12,21.5
2013/10/21,0,13,22
2013/10/22,19.1,10,18
2013/10/23,0,10,15
2013/10/24,0,12,18
2013/10/25,0,7,22
2013/10/26,0,12,20
2013/10/27,0,12.5,23.5
2013/10/28,0,12.5,25
2013/10/29,0,13,26
2013/10/30,2.5,13,24
2013/10/31,0,13,25.5
2013/11/01,0,14,26.5
2013/11/02,0,14,19
2013/11/03,1.5,9,24.5
2013/11/04,0,12,23
2013/11/05,0,10,23
2013/11/06,0,10,23
2013/11/07,0,11,25
2013/11/08,0,10,22.5
2013/11/09,0,11,23
2013/11/10,0,11,21
2013/11/11,2.5,11,23
2013/11/12,0,7,17.5
2013/11/13,0,6,10
2013/11/14,0,6,21
2013/11/15,0,10,22.5
2013/11/16,0,11,25
2013/11/17,0,10,26
2013/11/18,0,12,25
2013/11/19,11.5,10,23
2013/11/20,0,10,22
2013/11/21,2.5,9,22.5
2013/11/22,0,9,23.5
2013/11/23,0,9,21.5
2013/11/24,0,9,19
2013/11/25,0,10,22.5
2013/11/26,0,8,23
2013/11/27,0,6,20.5
2013/11/28,0,6.5,22
2013/11/29,0,5.5,20.5
2013/11/30,0,5,21.5
2013/12/01,0,5.5,22
2013/12/02,0,6.5,24
2013/12/03,0,8,26
2013/12/04,0,10,26
2013/12/05,0,9,26
2013/12/06,0,9,26
2013/12/07,0,9,25
2013/12/08,0,6,25
2013/12/09,0,9,24
2013/12/10,0,9.5,22.5
2013/12/11,0,7,21.5
2013/12/12,0,8.5,21.5
2013/12/13,0,9,23
2013/12/14,0,9.5,24
2013/12/15,0,9.5,21
2013/12/16,0,7,23
2013/12/17,0,6,22.5
2013/12/18,0,6,22.5
2013/12/19,0,9,25
2013/12/20,0,10,25
2013/12/21,0,8.5,25
2013/12/22,0,8,24
2013/12/23,0,7,25
2013/12/24,0,6.5,20.5
2013/12/25,0,7,19.5
2013/12/26,0,7,18
2013/12/27,0,8,15
2013/12/28,0,8,20
2013/12/29,0,9,21.5
2013/12/30,0,9,24
2013/12/31,0,8,25
2014/01/01,0,8,20
2014/01/02,0,6.5,17.5
2014/01/03,0,5,18
2014/01/04,2.2,5.5,21
2014/01/05,0,7,22
2014/01/06,0,4.5,21
2014/01/07,0,4.5,20.5
2014/01/08,0,5,21
2014/01/09,0,6,26
2014/01/10,0,8,23
2014/01/11,0,6,26
2014/01/12,0,7,24.5
2014/01/13,0,7,22
2014/01/14,0,7,21
2014/01/15,0,3,15
2014/01/16,0,4,17.5
2014/01/17,0,3,19
2014/01/18,0,3,20.5
2014/01/19,0,4,19.5
2014/01/20,0,5,23
2014/01/21,0,3.5,19.5
2014/01/22,0,4.5,22
2014/01/23,0,7,24
2014/01/24,0,8,23
2014/01/25,0,7.5,23
2014/01/26,0,8,23.5
2014/01/27,0,9,25
2014/01/28,0,10,24.5
2014/01/29,0,7,22.5
2014/01/30,0,7,24
2014/01/31,0,7.5,25
2014/02/01,0,8,26.5
2014/02/02,0,9,26
2014/02/03,0,9,26
2014/02/04,0,10,26.5
2014/02/05,0,9,26
2014/02/06,0,9,25
2014/02/07,0,9,25
2014/02/08,0,8,25.5
2014/02/09,0,9,25
2014/02/10,0,8,25
2014/02/11,0,8,24
2014/02/12,0,7.5,24.5
2014/02/13,0,8,25.5
2014/02/14,0,8.5,25
2014/02/15,0,6,25
2014/02/16,0,6,26
2014/02/17,0,7,26.5
2014/02/18,0,8.5,26.5
2014/02/19,0,10,27
2014/02/20,0,11,27
2014/02/21,0,10,25
2014/02/22,0,11,26
2014/02/23,0,11,25
2014/02/24,0,12,27
2014/02/25,0,13,26.5
2014/02/26,0,13,25.5
2014/02/27,0,10,27
2014/02/28,0,11,26.5
2014/03/01,0,11,28
2014/03/02,0,12,28
2014/03/03,0,11,26
2014/03/04,0,11,26
2014/03/05,0,10,27
2014/03/06,0,10,26
2014/03/07,12.2,9,26
2014/03/08,0,10,26.5
2014/03/09,0,11,22.5
2014/03/10,0,10.5,22
2014/03/11,0,10,26.5
2014/03/12,0,9,28
2014/03/13,0,10,27
2014/03/14,1.2,11,28
2014/03/15,0,11.5,29
2014/03/16,0,11,29
2014/03/17,0,14,24
2014/03/18,0,11,26.5
2014/03/19,0,11,24
2014/03/20,0,12,27
2014/03/21,0,13.5,29.5
2014/03/22,0,14,31.5
2014/03/23,0,12.5,31.5
2014/03/24,0,13,31
2014/03/25,0,11,27.5
2014/03/26,0,12,22
2014/03/27,0,12.5,28
2014/03/28,0,13,31
2014/03/29,0,13,28.5
2014/03/30,9.7,10,25.5
2014/03/31,0,12,27
2014/04/01,0,12.5,29
2014/04/02,0,12,28.5
2014/04/03,0,13,28
2014/04/04,0,14,29.5
2014/04/05,0,14,29
2014/04/06,0,13,30.5
2014/04/07,0,12.5,29
2014/04/08,0,9,27.5
2014/04/09,0,9,26.5
2014/04/10,0,11,27
2014/04/11,0,11,29
2014/04/12,0,12,29.5
2014/04/13,0,14,31
2014/04/14,14.5,13,31
2014/04/15,2.8,12,24.5
2014/04/16,8.2,11,25.5
2014/04/17,0,11.5,26.5
2014/04/18,12.8,10,25.5
2014/04/19,0,10.5,27
2014/04/20,0,12,27.5
2014/04/21,3.5,10.5,28.5
2014/04/22,2.2,11,27
2014/04/23,0,11.5,25
2014/04/24,0,12,26
2014/04/25,0,12,25.5
2014/04/26,2.5,12.5,26
2014/04/27,0,13,27.5
2014/04/28,0,14,29
2014/04/29,1.5,14,29
2014/04/30,0,11,25.5
2014/05/01,9.3,11.5,26
2014/05/02,0,11,26.5
2014/05/03,3.8,11,25
2014/05/04,0,10.5,26.5
2014/05/05,0,12,27
2014/05/06,1.8,14,27.5
2014/05/07,7.3,12,24
2014/05/08,1.8,10,19
2014/05/09,0,12,27.5
2014/05/10,6.7,11,26.5
2014/05/11,0,14,29
2014/05/12,0,13,27.5
2014/05/13,3.5,12.5,27.5
2014/05/14,0,10,27
2014/05/15,0,12,22
2014/05/16,0,7,25
2014/05/17,0,10,25
2014/05/18,0,10,26
2014/05/19,0,11,21.5
2014/05/20,0,11,28
2014/05/21,0,7,27
2014/05/22,1.8,13,29
2014/05/23,6.3,13,24.5
2014/05/24,10.5,13,26
2014/05/25,0,14,24
2014/05/26,9.5,13,23
2014/05/27,4.2,14,24.5
2014/05/28,2.3,13,23
2014/05/29,0,14,24.5
2014/05/30,15.5,13,23
2014/05/31,9.8,10,22.5
2014/06/01,0,11,23
2014/06/02,0,11,22
2014/06/03,0,12,22.5
2014/06/04,5.5,13.5,22
2014/06/05,1.3,14,23
2014/06/06,0,14.5,21
2014/06/07,0,14.5,25
2014/06/08,10.2,13,24
2014/06/09,0,12,26.5
2014/06/10,23.2,8,27.5
2014/06/11,8.9,13,27
2014/06/12,0,13,28
2014/06/13,0,14,28
2014/06/14,0,14,27.5
2014/06/15,0,13,28
2014/06/16,30.4,13,28
2014/06/17,4.4,13,26
2014/06/18,6.1,14,25
2014/06/19,5.6,13,26
2014/06/20,7.2,14,23
2014/06/21,9.2,14,25
2014/06/22,0,13,25.5
2014/06/23,15.5,14,23.5
2014/06/24,19.9,14,23
2014/06/25,21.9,14,21
2014/06/26,3.7,14.5,22.5
2014/06/27,5.5,12.5,23
2014/06/28,10.2,11,25
2014/06/29,49.2,12,22.5
2014/06/30,10.5,12,19
2014/07/01,0,13,20
2014/07/02,2.1,13.5,25
2014/07/03,1.5,14,26
2014/07/04,23.5,13,21.5
2014/07/05,9.2,12,21
2014/07/06,35.3,11,21
2014/07/07,7.9,11,22
2014/07/08,0,11,23
2014/07/09,3.2,14,24
2014/07/10,3.3,12,22
2014/07/11,0,10,24.5
2014/07/12,0,11,25
2014/07/13,4.5,11,25
2014/07/14,13.1,12,24
2014/07/15,13.1,13,24
2014/07/16,5.3,13,23
2014/07/17,4,12,23
2014/07/18,6.8,11,24
2014/07/19,8.4,10,26
2014/07/20,0,11,25
2014/07/21,0,12,26.5
2014/07/22,0,11.5,27
2014/07/23,1.5,10,23
2014/07/24,3.6,11,23
2014/07/25,6.3,11,24.5
2014/07/26,0,12,26
2014/07/27,0,11,26
2014/07/28,3.4,11,24.5
2014/07/29,0,9,25
2014/07/30,27.2,11,27
2014/07/31,5.8,12,26
2014/08/01,5.9,12,26.5
2014/08/02,0,12,26
2014/08/03,0,12,25.5
2014/08/04,0,13,24.5
2014/08/05,0,11,25
2014/08/06,19.7,12,22.5
2014/08/07,0,11,22
2014/08/08,0,10,20
2014/08/09,3.2,11,25.5
2014/08/10,0,13,23
2014/08/11,9.5,12.5,22.5
2014/08/12,1.7,11,23
2014/08/13,4.2,11,23.5
2014/08/14,0,11,24.5
2014/08/15,4.8,11,25
2014/08/16,0,13,25
2014/08/17,0,12.5,26.5
2014/08/18,29.8,11,27.5
2014/08/19,10.2,11,22.5
2014/08/20,5.2,13,25
2014/08/21,0,11,24.5
2014/08/22,0,11,23.5
2014/08/23,22.5,11,25
2014/08/24,0,11,25
2014/08/25,1.2,12.5,25
2014/08/26,0,11,25.5
2014/08/27,0,11,25.5
2014/08/28,0,12,25
2014/08/29,0,13,26
2014/08/30,4.5,13,25
2014/08/31,0,12,25.5
2014/09/01,6.2,13,25
2014/09/02,4.3,13.5,25
2014/09/03,24.4,13.5,20
2014/09/04,4.8,13,25
2014/09/05,0,13,25.5
2014/09/06,0,10,24.5
2014/09/07,0,10.5,23
2014/09/08,0.01,12,20.5
2014/09/09,0,14,23.5
2014/09/10,0,14,25
2014/09/11,11.6,12,25
2014/09/12,32.5,12,22.5
2014/09/13,0,13.5,22
2014/09/14,0,10,22
2014/09/15,0,11,23
2014/09/16,0,13,20
2014/09/17,0,11,25
2014/09/18,0,11,22
2014/09/19,2.3,11,26.5
2014/09/20,1.5,12,25
2014/09/21,0,14,25
2014/09/22,0,11,22
2014/09/23,0,12,24.5
2014/09/24,0,13,24.5
2014/09/25,2.8,13,25.5
2014/09/26,3.2,14,25
2014/09/27,0,14,26
2014/09/28,2.1,14,25.5
2014/09/29,26.2,14,23
2014/09/30,0,14,24.5
2014/10/01,0,13,25.5
2014/10/02,15.2,14,24
2014/10/03,6,14,24
2014/10/04,0,13,23
2014/10/05,8.1,13,24.5
2014/10/06,3.1,13.5,24
2014/10/07,0,14,25
2014/10/08,5.8,9,25
2014/10/09,22.2,11,24
2014/10/10,12.5,11,22.5
2014/10/11,4.2,11,23
2014/10/12,0,10,23
2014/10/13,0,10.5,25
2014/10/14,0,12.5,23.5
2014/10/15,0,8,22
2014/10/16,1.3,10,23.5
2014/10/17,2.1,13,22.5
2014/10/18,0,12,19
2014/10/19,6.2,12.5,21
2014/10/20,12.5,12,20
2014/10/21,0.01,12,20.5
2014/10/22,0,11,22
2014/10/23,0,12,21.5
2014/10/24,0,11,21
2014/10/25,0,10,22
2014/10/26,0,9,22
2014/10/27,0,9,24
2014/10/28,0,8,25
2014/10/29,0,7.5,25
2014/10/30,0,9,22.5
2014/10/31,0,7,20.5
2014/11/01,0,8,18
2014/11/02,0,8,23
2014/11/03,0,9,24
2014/11/04,0,9,25.5
2014/11/05,0,10,26
2014/11/06,0,11,26
2014/11/07,0,10.5,25
2014/11/08,0,9,22.5
2014/11/09,0,9,20
2014/11/10,0,10,22
2014/11/11,37,9.5,23.5
2014/11/12,5,12,22.5
2014/11/13,0,11,22.5
2014/11/14,0,11,22
2014/11/15,0,12,23
2014/11/16,0,9,25
2014/11/17,0,10,24
2014/11/18,0,10,23
2014/11/19,0,10,23
2014/11/20,1.5,9,21.5
2014/11/21,0,10.5,20.5
2014/11/22,0,9,24
2014/11/23,0,9,25
2014/11/24,0,11,23
2014/11/25,0,6,24
2014/11/26,0,4,20.5
2014/11/27,0,3.5,25
2014/11/28,0,5,20
2014/11/29,0,7,22
2014/11/30,0,8,23.5
2014/12/01,0,8,24
2014/12/02,0,6,21
2014/12/03,0,7,22
2014/12/04,0,7,22.5
2014/12/05,0,7,24
2014/12/06,0,6.5,22
2014/12/07,0,7,22
2014/12/08,0,8,21
2014/12/09,0,8,20
2014/12/10,0,8,20
2014/12/11,0,9,18
2014/12/12,0,10,19.5
2014/12/13,0,10,23
2014/12/14,0,9.5,25
2014/12/15,0,10,23
2014/12/16,0,9,22.5
2014/12/17,0,9,22
2014/12/18,0,9,25
2014/12/19,0,9.5,25
2014/12/20,0,8,24
2014/12/21,0,10,23.5
2014/12/22,0,11,20
2014/12/23,2.5,10,19
2014/12/24,0,7,13
2014/12/25,0,8,18.5
2014/12/26,0,9,22
2014/12/27,0,9,24
2014/12/28,0,10,25
2014/12/29,0,8,24
2014/12/30,0,8,23
2014/12/31,0,7.5,22
2015/01/01,0,7,22.5
2015/01/02,0,7,22
2015/01/03,0,9,21
2015/01/04,0,6,20.5
2015/01/05,0,4,13
2015/01/06,0,5,18
2015/01/07,0,7,20
2015/01/08,0,6,15
2015/01/09,0,6,20
2015/01/10,1.2,6,20.5
2015/01/11,0,6,22
2015/01/12,0,7,24
2015/01/13,0,7,23
2015/01/14,0,8,23
2015/01/15,0,8,24.5
2015/01/16,0,9,23
2015/01/17,0,10,23.5
2015/01/18,0,7.5,20.5
2015/01/19,0,9,22
2015/01/20,0,9,24
2015/01/21,0,9.5,23.5
2015/01/22,0,10,25
2015/01/23,0,9,23
2015/01/24,3.8,9,25.5
2015/01/25,0,8.5,24
2015/01/26,0,8.5,22
2015/01/27,0,8,23
2015/01/28,0,7,24
2015/01/29,0,6,23
2015/01/30,0,7,21
2015/01/31,0,8,25
2015/02/01,0,7,23
2015/02/02,0,7,22
2015/02/03,0,9,19
2015/02/04,0,9,24
2015/02/05,0,7,21.5
2015/02/06,0,4,20.5
2015/02/07,0,4,23.5
2015/02/08,0,4,24
2015/02/09,0,4,22
2015/02/10,0,5,22
2015/02/11,2.5,8,24.5
2015/02/12,0,7,20
2015/02/13,0,7,16.5
2015/02/14,0,7,17
2015/02/15,0,9,24
2015/02/16,0,9,24
2015/02/17,0,9,22
2015/02/18,0,9.5,26.5
2015/02/19,0,10,25
2015/02/20,0,10.5,25
2015/02/21,0,10.5,27
2015/02/22,0,10,28
2015/02/23,0,10,27
2015/02/24,0,10.5,28
2015/02/25,0,12,28
2015/02/26,0,9,27.5
2015/02/27,0,10,26
2015/02/28,0,10.5,27
2015/03/01,0,10,28
2015/03/02,0,10.5,29
2015/03/03,0,11,27.5
2015/03/04,0,12,29
2015/03/05,0,10.5,26
2015/03/06,2.3,8,24.5
2015/03/07,0,10,26
2015/03/08,0,10,28
2015/03/09,1.3,10.5,26
2015/03/10,9.8,8,21
2015/03/11,6.5,9,22
2015/03/12,0,7,25
2015/03/13,0,9,22
2015/03/14,6.6,9,17.5
2015/03/15,0,9,16
2015/03/16,0,10,25
2015/03/17,0,11.5,23.5
2015/03/18,0,9,24.5
2015/03/19,0,11,25.5
2015/03/20,0,11,24.5
2015/03/21,0,12,25
2015/03/22,0.01,13,26
2015/03/23,3.2,11,24.5
2015/03/24,1.9,10,26
2015/03/25,0,10,25.5
2015/03/26,0,11,24
2015/03/27,14.5,9,21.5
2015/03/28,6.5,10,22
2015/03/29,0,8,21.5
2015/03/30,0,8.5,23.5
2015/03/31,0,10,25.5
2015/04/01,9.4,12,26
2015/04/02,0,13,25
2015/04/03,0,12,26.5
2015/04/04,0,10,25.5
2015/04/05,0,10,26
2015/04/06,0,10,27
2015/04/07,0,10,27
2015/04/08,0,11,28
2015/04/09,0,13,27.5
2015/04/10,0,13,27.5
2015/04/11,0,11,24
2015/04/12,0,12,25.5
2015/04/13,0,13,26
2015/04/14,0,13,22
2015/04/15,4.5,11,27
2015/04/16,0,11,28
2015/04/17,0,11,29
2015/04/18,0,13,29
2015/04/19,0,13,29
2015/04/20,0,13,30
2015/04/21,0,14,30.5
2015/04/22,0,14,28
2015/04/23,1.2,14,29
2015/04/24,0,15,30.5
2015/04/25,0,14,31
2015/04/26,0,13.5,28.5
2015/04/27,0,14,27
2015/04/28,0,14.5,27.5
2015/04/29,4.5,11,18
2015/04/30,0,10,22.5
2015/05/01,0,11,25
2015/05/02,0,11,23
2015/05/03,3.2,11,28
2015/05/04,8.2,13,27
2015/05/05,0,13,28
2015/05/06,6.1,11,26
2015/05/07,5.8,11,28
2015/05/08,1.5,13,28
2015/05/09,0,14,28.5
2015/05/10,0,13,29
2015/05/11,11.8,14,29
2015/05/12,24.1,12,24
2015/05/13,6.5,12,23.5
2015/05/14,2.1,13.5,25
2015/05/15,1.8,12,25.5
2015/05/16,7.3,12,25
2015/05/17,0,13,27
2015/05/18,0,13,27.5
2015/05/19,0,13,26.5
2015/05/20,0,13,27.5
2015/05/21,5.2,12,27.5
2015/05/22,4.1,12,23.5
2015/05/23,0,13,26
2015/05/24,0,12,23
2015/05/25,2.8,12,28
2015/05/26,0,14,26.5
2015/05/27,0,13,26.5
2015/05/28,18.8,12.5,25
2015/05/29,9.5,12,23
2015/05/30,19.5,10.5,21
2015/05/31,0,15,19
2015/06/01,0,11,22
2015/06/02,5.2,12,24.5
2015/06/03,0,13,24.5
2015/06/04,0,13,27
2015/06/05,0,14,23
2015/06/06,11.3,14,24
2015/06/07,0,11,26
2015/06/08,0,10.5,26.5
2015/06/09,0,11,26.5
2015/06/10,0,13,27.5
2015/06/11,0,14,28
2015/06/12,3.7,14.5,28
2015/06/13,2.8,14,27
2015/06/14,0,14,25
2015/06/15,3.3,14,24
2015/06/16,0,14,26.5
2015/06/17,3.5,13,27
2015/06/18,23.6,13,22
2015/06/19,0,13,24.5
2015/06/20,0,14,23.5
2015/06/21,2.1,14,25.5
2015/06/22,0,14,26
2015/06/23,0,13,25.5
2015/06/24,3.4,15,23
2015/06/25,0,12,25
2015/06/26,3.5,12,24.5
2015/06/27,0,12.5,25
2015/06/28,15.5,13,23.5
2015/06/29,12.8,13,24
2015/06/30,14.3,13,23
2015/07/01,17.9,13.5,23
2015/07/02,26.1,11,20
2015/07/03,11.8,12.5,23
2015/07/04,0,12.5,22.5
2015/07/05,1.7,11.5,25
2015/07/06,0.01,11,24
2015/07/07,0,11,24
2015/07/08,0,11,23.5
2015/07/09,10.1,10,22.5
2015/07/10,0,10.5,21
2015/07/11,0,11,24
2015/07/12,0,10,23.5
2015/07/13,0,10,25.5
2015/07/14,0,12.5,25.5
2015/07/15,0,13,27
2015/07/16,0,13,26.5
2015/07/17,0,14,23.5
2015/07/18,19.9,13,24
2015/07/19,0,13,26
2015/07/20,0,13,25.5
2015/07/21,10.9,14,25
2015/07/22,3.8,13.5,25.5
2015/07/23,7.5,11,24.5
2015/07/24,2.1,11,25.5
2015/07/25,0,11.5,26
2015/07/26,0,13,27
2015/07/27,0,14,27
2015/07/28,0,13,27.5
2015/07/29,0,13,28
2015/07/30,5.9,12,27.5
2015/07/31,0,12,25.5
2015/08/01,0,13,26
2015/08/02,0,13,26
2015/08/03,0,14,27
2015/08/04,1.5,14,27
2015/08/05,3.5,12,27
2015/08/06,7.1,13,27
2015/08/07,1.1,13,26
2015/08/08,0,13,27.5
2015/08/09,0,13,28
2015/08/10,0,11.5,27
2015/08/11,0,13,24
2015/08/12,0,11,25
2015/08/13,2.2,11.5,22.5
2015/08/14,0,11.5,27
2015/08/15,0,12,27
2015/08/16,2.5,13,26.5
2015/08/17,1.5,13,23.5
2015/08/18,16.4,12.5,23
2015/08/19,16.8,12,25
2015/08/20,0,14,25.5
2015/08/21,2.8,13,23.5
2015/08/22,4.2,13,26
2015/08/23,0,12,25.5
2015/08/24,0,12.5,26
2015/08/25,0,13,25
2015/08/26,0,12,24.5
2015/08/27,0,12,25
2015/08/28,0,12.5,23.5
2015/08/29,0,13,24.5
2015/08/30,5.2,12,25
2015/08/31,2.5,11,23.5
2015/09/01,15.4,11,23
2015/09/02,11.5,13.5,24.5
2015/09/03,0,13,24
2015/09/04,0,12.5,24.5
2015/09/05,3.6,12,25
2015/09/06,7.5,12,26
2015/09/07,0,13,26
2015/09/08,1.3,12,26.5
2015/09/09,0,12.5,26
2015/09/10,0,12,25
2015/09/11,0,12.5,25.5
2015/09/12,0,13.5,24
2015/09/13,15.7,14,22
2015/09/14,6.8,13.5,25
2015/09/15,1.8,14,25
2015/09/16,12.8,13.5,23.5
2015/09/17,32.4,13,24
2015/09/18,0,11,26
2015/09/19,0,12,25
2015/09/20,0,14,25
2015/09/21,0,12.5,25
2015/09/22,0,11.5,24
2015/09/23,0,12.5,25.5
2015/09/24,0,13,24
2015/09/25,0.01,12,22
2015/09/26,9.3,11,17
2015/09/27,2.9,11.5,22.5
2015/09/28,8.1,11,19
2015/09/29,2.5,11,20
2015/09/30,0,12,24
2015/10/01,0,9,19
2015/10/02,0,12,23.5
2015/10/03,0,8,25
2015/10/04,0,11,25.5
2015/10/05,0,12,26.5
2015/10/06,0,11,27
2015/10/07,0,11,27
2015/10/08,0,12,26.5
2015/10/09,0,11,25.5
2015/10/10,0,11,26
2015/10/11,0,12,25
2015/10/12,0,12,25
2015/10/13,0,12,26
2015/10/14,0,12.5,26
2015/10/15,0,11,24
2015/10/16,0,11,23
2015/10/17,0,12,16
2015/10/18,0,9,17
2015/10/19,0,8.5,25
2015/10/20,0,10,25
2015/10/21,0,10.5,27
2015/10/22,1.7,13.5,25
2015/10/23,0,14.5,25
2015/10/24,0,15.5,25
2015/10/25,0.01,12,23
2015/10/26,0,12.5,20
2015/10/27,11.5,13,26
2015/10/28,12.3,12,21
2015/10/29,0,13,26
2015/10/30,0,14,22
2015/10/31,1.8,13,23
2015/11/01,0,13,24
2015/11/02,0,12,24
2015/11/03,0,12,26
2015/11/04,0,11,25.5
2015/11/05,0,11,25
2015/11/06,0,12,25
2015/11/07,0,13.5,24.5
2015/11/08,0,10,20
2015/11/09,0,11,25.5
2015/11/10,0,11.5,25
2015/11/11,0,11,25.5
2015/11/12,0,12,25
2015/11/13,0,12,20.5
2015/11/14,0,10,19
2015/11/15,0,9.5,25
2015/11/16,0,10,25.5
2015/11/17,0,11,23
2015/11/18,0,12,26
2015/11/19,0,11.5,20
2015/11/20,0,11,24
2015/11/21,0,12,24
2015/11/22,0,9,19.5
2015/11/23,0,10,22
2015/11/24,0,11,23
2015/11/25,2.5,11,25
2015/11/26,0,11,24.5
2015/11/27,0,12,22
2015/11/28,0,12,24
2015/11/29,0,9,24
2015/11/30,0,10,25
2015/12/01,0,10,26
2015/12/02,0,11,25
2015/12/03,2.9,9.5,24
2015/12/04,5.2,8.5,19
2015/12/05,0,9,20
2015/12/06,0,9,20
2015/12/07,0,10,20
2015/12/08,3.5,10,22.5
2015/12/09,0,10,21.5
2015/12/10,0,8,22
2015/12/11,0,9,24
2015/12/12,0,11,22.5
2015/12/13,0,9,21
2015/12/14,0,8,22.5
2015/12/15,0,8.5,25
2015/12/16,0,9,25
2015/12/17,0,9,26
2015/12/18,0,7,18.5
2015/12/19,0,7,22
2015/12/20,0,9,24
2015/12/21,0,10,23
2015/12/22,0,11,24
2015/12/23,0,8,19
2015/12/24,0,8,25
2015/12/25,0,9,25
2015/12/26,0,10,26
2015/12/27,0,6.5,24.5
2015/12/28,0,8,24
2015/12/29,0,9.5,26
2015/12/30,0,10.5,26.5
2015/12/31,0,9.5,27
2016/01/01,0,10,25
2016/01/02,0,11,24
2016/01/03,0,8.5,23
2016/01/04,1.2,7,19.5
2016/01/05,0,7.5,22.5
2016/01/06,0,8,22.5
2016/01/07,0,7,22.5
2016/01/08,0,4.5,23
2016/01/09,0,5,23.5
2016/01/10,0,5,21
2016/01/11,0,6,23
2016/01/12,1.5,7.5,17.5
2016/01/13,1.8,8,12
2016/01/14,0,6,22
2016/01/15,0,7,24
2016/01/16,0,8,20
2016/01/17,0,4.5,25
2016/01/18,0,5,22.5
2016/01/19,0,6,18.5
2016/01/20,0,5,20
2016/01/21,0,5,23
2016/01/22,0,4,26
2016/01/23,0,4.5,21
2016/01/24,0,5.5,22
2016/01/25,0,7,24
2016/01/26,0,6,22
2016/01/27,0,3,23.5
2016/01/28,0,3.5,14.5
2016/01/29,0,7.5,15
2016/01/30,1.8,9,23
2016/01/31,0,7.5,25
2016/02/01,0,8,26
2016/02/02,0,10,26
2016/02/03,0,7.5,22.5
2016/02/04,0,4,22
2016/02/05,0,5,24
2016/02/06,0,3.5,25
2016/02/07,0,4,22
2016/02/08,0,5,22
2016/02/09,0,6,17.5
2016/02/10,0,5,15
2016/02/11,0,4,22
2016/02/12,0,3.5,22.5
2016/02/13,0,4,26
2016/02/14,0,8,24.5
2016/02/15,0,8,25
2016/02/16,0,6.5,24
2016/02/17,0,5,25
2016/02/18,0,6,26
2016/02/19,0,7,26.5
2016/02/20,0,8,25
2016/02/21,0,10,28
2016/02/22,0,10,28
2016/02/23,0,10,27.5
2016/02/24,0,8.5,27
2016/02/25,0,9.5,22
2016/02/26,0,10,24
2016/02/27,0,10,20
2016/02/28,0,10,23
2016/02/29,0,10,25
2016/03/01,0,10.5,22
2016/03/02,0,10,23
2016/03/03,0,12,24
2016/03/04,0,6,19.5
2016/03/05,0,7,25
2016/03/06,0,9,25.5
2016/03/07,0,11,24.5
2016/03/08,5.2,11,29.5
2016/03/09,4.5,8.5,18.5
2016/03/10,0,4,28
2016/03/11,0,5,21
2016/03/12,0,9,25
2016/03/13,0,9,26
2016/03/14,0,10,29
2016/03/15,0,12,29.5
2016/03/16,2.4,12,27.5
2016/03/17,0,12.5,28
2016/03/18,0,11.5,27
2016/03/19,2,10.5,24
2016/03/20,0,9,21
2016/03/21,0,9.5,19.5
2016/03/22,0,10,25
2016/03/23,0,11,26
2016/03/24,0,11,26.5
2016/03/25,0,12,28
2016/03/26,0,12,27.5
2016/03/27,0,13.5,29
2016/03/28,0,11,27.5
2016/03/29,0,13,29
2016/03/30,0,13,30.5
2016/03/31,0,13,31
2016/04/01,0,17,30
2016/04/02,0,10,35
2016/04/03,0,9,30.5
2016/04/04,0,12,29.5
2016/04/05,0,12,30
2016/04/06,0,12,30
2016/04/07,0,12,30.5
2016/04/08,0,13,30
2016/04/09,0,12,30
2016/04/10,0,13,29
2016/04/11,0,8,31.5
2016/04/12,0,14,31
2016/04/13,0,8,31
2016/04/14,0,13,30
2016/04/15,0,14,30.5
2016/04/16,0,15,29
2016/04/17,0,15,29
2016/04/18,0,13,29
2016/04/19,18.3,11,27
2016/04/20,11.3,11,23
2016/04/21,2.5,11,23.5
2016/04/22,4.5,11,20
2016/04/23,0,10,20.5
2016/04/24,0,10,22
2016/04/25,0,11.5,27
2016/04/26,0,11,27
2016/04/27,0,11,29.5
2016/04/28,0,13,30.5
2016/04/29,0,14,30.5
2016/04/30,0,11,28.5
2016/05/01,0,12,30
2016/05/02,0,12,29
2016/05/03,0,14,30.3
2016/05/04,0,14,31
2016/05/05,0,14,29
2016/05/06,0,14,30
2016/05/07,0,14,30.5
2016/05/08,1.2,14,31
2016/05/09,0,14,29
2016/05/10,2.1,13,30
2016/05/11,14.2,13,27
2016/05/12,11.4,12,26.5
2016/05/13,0,12,26
2016/05/14,0,13,26
2016/05/15,7.7,15,24
2016/05/16,0,13,25.5
2016/05/17,2.2,13,25.5
2016/05/18,0,13,26.5
2016/05/19,0,14,28.5
2016/05/20,1.5,15,30.5
2016/05/21,0,15,30.5
2016/05/22,0,16,30.5
2016/05/23,3.6,14,30
2016/05/24,1.6,14,28
2016/05/25,0,15,32
2016/05/26,23.5,13,30.5
2016/05/27,4.7,14,26
2016/05/28,5.4,13,27
2016/05/29,3.5,14,27.5
2016/05/30,4.6,13,28
2016/05/31,21.5,13,26
2016/06/01,2.1,11,25.5
2016/06/02,3.2,12,25
2016/06/03,0,13,23
2016/06/04,1.8,11,23.5
2016/06/05,13.7,12,25
2016/06/06,0,12,23.5
2016/06/07,0,11,24
2016/06/08,0,12.5,25
2016/06/09,6.5,13,24
2016/06/10,6.2,14,24.5
2016/06/11,1.5,14,25
2016/06/12,2.4,12,26.5
2016/06/13,3.2,14,25
2016/06/14,0,14,26.5
2016/06/15,0,14.5,27
2016/06/16,2.7,13.5,27
2016/06/17,0,13,27
2016/06/18,0,12,26
2016/06/19,0,13,25
2016/06/20,16.2,13,22
2016/06/21,0,13,24
2016/06/22,2.8,12,26
2016/06/23,0,12,23.5
2016/06/24,0,13,24
2016/06/25,19.5,14,25.5
2016/06/26,10.8,13,24.5
2016/06/27,8.7,12,25.5
2016/06/28,18.2,11,27
2016/06/29,6.7,13,25.5
2016/06/30,20.2,13,25
2016/07/01,12.1,13,23
2016/07/02,0,13,25
2016/07/03,3.3,12,27.5
2016/07/04,0,13,26
2016/07/05,2.2,13,24
2016/07/06,0,13.5,25.5
2016/07/07,67.2,12,26.5
2016/07/08,0,12,27
2016/07/09,0,13,28
2016/07/10,0,13,26
2016/07/11,1.5,13,22
2016/07/12,0,12,24
2016/07/13,15.5,12,24
2016/07/14,0,12,23
2016/07/15,0,12,26
2016/07/16,2.1,12,25
2016/07/17,3.6,12,24
2016/07/18,0,13,26
2016/07/19,0,12,25
2016/07/20,0,13,24
2016/07/21,38.2,12,23
2016/07/22,1.8,13,24
2016/07/23,0,13,26
2016/07/24,4.3,13,24
2016/07/25,18.2,12,27
2016/07/26,0,12,27
2016/07/27,4.3,13,25
2016/07/28,7.3,12,24
2016/07/29,14.1,13,25
2016/07/30,4.5,12.5,22
2016/07/31,0,12,26
2016/08/01,0,13,25
2016/08/02,0,14,25
2016/08/03,4.1,12,26
2016/08/04,0,13,26.5
2016/08/05,4.3,13,21
2016/08/06,3.5,16,23
2016/08/07,5.8,12,25
2016/08/08,4.5,12,24
2016/08/09,12.9,14,26
2016/08/10,0,12.5,24.5
2016/08/11,0,13,26
2016/08/12,0,12.5,26
2016/08/13,0,13,27
2016/08/14,0,13,27
2016/08/15,0,13.5,27
2016/08/16,9.2,13,26
2016/08/17,2.8,15,23.5
2016/08/18,0,14,25
2016/08/19,4.8,14,27
2016/08/20,5.5,12.5,25
2016/08/21,0,13,25
2016/08/22,0,11,23.5
2016/08/23,19.5,11.5,24
2016/08/24,35.2,12,23
2016/08/25,9.2,12.5,23
2016/08/26,2.6,14,24
2016/08/27,0,14,26
2016/08/28,19.5,14,26
2016/08/29,2.2,13,25.5
2016/08/30,0,12,26
2016/08/31,0,12,25.5
2016/09/01,0,14,25
2016/09/02,0,14.5,25
2016/09/03,4.5,14,22.5
2016/09/04,5.1,13,25
2016/09/05,0,13.5,20
2016/09/06,0,11,25
2016/09/07,0,11,25
2016/09/08,0,11.5,26.5
2016/09/09,0,12,26.5
2016/09/10,0,12,26.5
2016/09/11,0,14,25
2016/09/12,0,15,26
2016/09/13,1.5,12,26
2016/09/14,0,12,26
2016/09/15,0,12,26
2016/09/16,0,14,26
2016/09/17,0,15,25
2016/09/18,0,14,26
2016/09/19,0,11,26.5
2016/09/20,0,12,24
2016/09/21,6.6,12,24
2016/09/22,0,12,24
2016/09/23,14.7,12,25
2016/09/24,0,12.5,24
2016/09/25,8.2,13.5,25
2016/09/26,1.5,14,23
2016/09/27,1.6,14,20
2016/09/28,31.6,13.5,22
2016/09/29,5.7,13,24
2016/09/30,5.8,12,23.5
2016/10/01,4.9,12,23
2016/10/02,0,12,24
2016/10/03,0,12.5,26
2016/10/04,0,13,25.5
2016/10/05,0,13,26
2016/10/06,0,12,26
2016/10/07,0,12,25
2016/10/08,1.5,12,22.5
2016/10/09,0,10,18
2016/10/10,0,11,22
2016/10/11,0,13,25
2016/10/12,0,14,25
2016/10/13,0,14.5,26
2016/10/14,0,10,25
2016/10/15,0,10,25
2016/10/16,0,11,25
2016/10/17,0,11,24
2016/10/18,0,12,25.5
2016/10/19,0,11,25
2016/10/20,0,12.5,25
2016/10/21,0,11,24
2016/10/22,0,10.5,23.5
2016/10/23,0,12,22
2016/10/24,0,11,24.5
2016/10/25,0,10,23
2016/10/26,1.5,10,23
2016/10/27,0,7,18.5
2016/10/28,0,9,17
2016/10/29,0,9.5,21
2016/10/30,1.5,11.5,23
2016/10/31,14.2,9,20
2016/11/01,0,8.5,24
2016/11/02,1.5,11,25
2016/11/03,0,11.5,23
2016/11/04,0,12,21.5
2016/11/05,0,11,22
2016/11/06,0,11,24
2016/11/07,0,11,25.5
2016/11/08,20,10.5,22.5
2016/11/09,12.5,9.5,17
2016/11/10,0,10,16.5
2016/11/11,2.5,10,17
2016/11/12,0,11,19
2016/11/13,0,11,24
2016/11/14,0,12,22
2016/11/15,0,12,21
2016/11/16,6.6,9.5,15
2016/11/17,0,10,19.5
2016/11/18,0,10,22
2016/11/19,0,7,15
2016/11/20,0,6,18.5
2016/11/21,0,7,22
2016/11/22,0,7,22.5
2016/11/23,0,7.5,22.5
2016/11/24,0,7,21.5
2016/11/25,0,6.5,22
2016/11/26,0,7,19
2016/11/27,0,6.5,21.5
2016/11/28,0,7,24.5
2016/11/29,0,9,26
2016/11/30,0,10,26
2016/12/01,0,10,26
2016/12/02,0,10,25
2016/12/03,0,11,26.5
2016/12/04,0,11,26
2016/12/05,0,7.5,24
2016/12/06,0,8,25
2016/12/07,0,9,26
2016/12/08,0,10.5,26
2016/12/09,0,9,21
2016/12/10,0,9,21
2016/12/11,0,9,23
2016/12/12,0,9,26
2016/12/13,0,7,21.5
2016/12/14,0,7,25
2016/12/15,4.2,10,23
2016/12/16,0,9.5,22.5
2016/12/17,0,11,24
2016/12/18,0,10,24.5
2016/12/19,0,8.5,22
2016/12/20,0,7,22.5
2016/12/21,0,8,24
2016/12/22,0,7,23
2016/12/23,0,8,23
2016/12/24,0,7.5,24
2016/12/25,0,8,23
2016/12/26,0,8,23.5
2016/12/27,0,8.5,23
2016/12/28,0,10,24
2016/12/29,0,11,24
2016/12/30,0,8.5,19
2016/12/31,0,8,23
2017/01/01,0,8,24
2017/01/02,0,8,24.5
2017/01/03,0,7.5,24
2017/01/04,0,8,25
2017/01/05,0,7,26.5
2017/01/06,0,8.5,21
2017/01/07,0,5.5,24
2017/01/08,0,3,17
2017/01/09,0,4,25
2017/01/10,0,5,18
2017/01/11,0,6.5,24
2017/01/12,0,5,23
2017/01/13,0,5,23.5
2017/01/14,0,6,22
2017/01/15,0,6.5,23
2017/01/16,0,7,24
2017/01/17,0,8,23.5
2017/01/18,0,8.5,24
2017/01/19,0,9.5,24.5
2017/01/20,0,8,25.5
2017/01/21,0,6,25.5
2017/01/22,0,6,24.5
2017/01/23,0,6.5,25
2017/01/24,0,7,25
2017/01/25,0,8,27
2017/01/26,0,8.5,26.5
2017/01/27,0,8,26
2017/01/28,0,7,26
2017/01/29,0,5,19
2017/01/30,0,7,21
2017/01/31,0,8,24
2017/02/01,0,8,24
2017/02/02,0,5.5,23
2017/02/03,0,7,23
2017/02/04,0,7,25
2017/02/05,0,7.5,25.5
2017/02/06,0,8,25
2017/02/07,0,9,26
2017/02/08,0,7,26.5
2017/02/09,0,7,25
2017/02/10,0,6,26
2017/02/11,0,6,27.5
2017/02/12,0,9,28
2017/02/13,0,9,27
2017/02/14,0,7.5,27
2017/02/15,0,8,27.5
2017/02/16,0,9,24.5
2017/02/17,0,7,24.5
2017/02/18,0,8,28.5
2017/02/19,0,8,26
2017/02/20,0,9,27
2017/02/21,0,8,25
2017/02/22,0,8.5,26
2017/02/23,0,7.5,28
2017/02/24,0,8,27
2017/02/25,0,9,27
2017/02/26,0,10,27.5
2017/02/27,0,11,28.5
2017/02/28,0,10,31
2017/03/01,0,10,19
2017/03/02,0,9,26
2017/03/03,2.7,9,26.5
2017/03/04,0,10,26
2017/03/05,0,10.5,24.5
2017/03/06,0,10,27
2017/03/07,0,9,24
2017/03/08,0,9,26
2017/03/09,2.5,8.5,24
2017/03/10,1.2,9.5,24
2017/03/11,0,10,26.5
2017/03/12,0,8,25.5
2017/03/13,1.2,7.5,24
2017/03/14,0,9,24.5
2017/03/15,9.7,7,21
2017/03/16,1.5,7.5,23
2017/03/17,0,7.5,25
2017/03/18,0,7,24.5
2017/03/19,0,7,25
2017/03/20,0,8,24.5
2017/03/21,0,9,26.5
2017/03/22,0,7,26
2017/03/23,0,9.5,28
2017/03/24,0,11,29
2017/03/25,0,10.5,30
2017/03/26,0,10,28.5
2017/03/27,0,7,28.5
2017/03/28,0,11,29
2017/03/29,0,10,30
2017/03/30,0,6.5,29.5
2017/03/31,0,10,27
2017/04/01,0,8,31
2017/04/02,0,10,29.5
2017/04/03,0,10,31
2017/04/04,0,10,30
2017/04/05,0,12,32
2017/04/06,0,12,29
2017/04/07,0,12,29
2017/04/08,0,12,29
2017/04/09,0,13,30
2017/04/10,1.2,13,29.5
2017/04/11,0,9.5,28
2017/04/12,0,10,27
2017/04/13,0,10,26.5
2017/04/14,0,11,27
2017/04/15,0,11,27.5
2017/04/16,4.2,10,22
2017/04/17,0,11,26
2017/04/18,6.8,12,24
2017/04/19,0,7.5,23
2017/04/20,0,9.5,26
2017/04/21,0,10.5,28
2017/04/22,0,10.5,28
2017/04/23,2.8,11,27
2017/04/24,0,11.5,22
2017/04/25,0,13,28
2017/04/26,0,12,31
2017/04/27,0,8,29.5
2017/04/28,0,16,31
2017/04/29,0,11,30.5
2017/04/30,0,12,34
2017/05/01,0,14,32
2017/05/02,0,14,30
2017/05/03,0,14,35
2017/05/04,8.3,13,27
2017/05/05,1.7,11,26
2017/05/06,0,11.5,29
2017/05/07,0,12,29
2017/05/08,4.8,7.5,28.5
2017/05/09,0,13,28
2017/05/10,0,13.5,28
2017/05/11,6.7,12.5,30
2017/05/12,7.4,12,29
2017/05/13,0,13,28
2017/05/14,0,12,27
2017/05/15,0,13,25
2017/05/16,0,16,31
2017/05/17,0,16,32
2017/05/18,0,16,32.5
2017/05/19,0,15,33
2017/05/20,0,16,33
2017/05/21,0,16,32
2017/05/22,0,16.5,32
2017/05/23,7.4,17,33.5
2017/05/24,6.8,16,31
2017/05/25,9.8,13.5,29
2017/05/26,0,14,30
2017/05/27,0,15,31
2017/05/28,0,15,32
2017/05/29,0,14,24
2017/05/30,0,14.5,28
2017/05/31,0,15,25
2017/06/01,0,13,24
2017/06/02,0,14,24
2017/06/03,4.2,13,30
2017/06/04,2.2,13.5,31
2017/06/05,1.5,14.5,30
2017/06/06,2.5,12,29
2017/06/07,14.7,13.5,29
2017/06/08,0,14,29.5
2017/06/09,3.5,14,28
2017/06/10,21.2,12.5,28
2017/06/11,3.6,13,30
2017/06/12,0,13,31
2017/06/13,6.7,13.5,28
2017/06/14,20.2,13,26
2017/06/15,0,11,27
2017/06/16,0,12.5,29
2017/06/17,0,12,29
2017/06/18,0,12,30
2017/06/19,0,12,29
2017/06/20,0,11,26
2017/06/21,0,11,27
2017/06/22,0,13,31.5
2017/06/23,0,13,32
2017/06/24,0,14,27.5
2017/06/25,6.8,14,25
2017/06/26,9.4,14,26
2017/06/27,26.5,14,27
2017/06/28,15.2,14,27
2017/06/29,6.9,13.5,25
2017/06/30,3.4,13,23.5
2017/07/01,3.8,13,23
2017/07/02,5.2,14,25.5
2017/07/03,16.5,13,25.5
2017/07/04,11.5,12,24.5
2017/07/05,3.5,11,23
2017/07/06,0,12,23
2017/07/07,7.2,13,22
2017/07/08,9.3,13.5,21
2017/07/09,5.8,13,21
2017/07/10,10.4,12,21
2017/07/11,27.7,12,23.5
2017/07/12,4.2,12,24
2017/07/13,0,12,28
2017/07/14,0,12,26
2017/07/15,0,12,26.5
2017/07/16,1.8,11,27
2017/07/17,0,12,26
2017/07/18,10.8,13,23
2017/07/19,0,13,25
2017/07/20,6.4,11,25.5
2017/07/21,16.7,12,26
2017/07/22,1.2,12,26
2017/07/23,0,13,22.5
2017/07/24,12.2,12,24.5
2017/07/25,14.8,13,24.5
2017/07/26,0,13,25
2017/07/27,6.5,11,24.5
2017/07/28,0,11,28
2017/07/29,0,12.5,28
2017/07/30,0,12,28
2017/07/31,0,12,28
2017/08/01,1.5,13,28
2017/08/02,2.7,13.5,27.5
2017/08/03,1.2,13.5,26.5
2017/08/04,0,14,25.5
2017/08/05,0,13,28
2017/08/06,0,14,25
2017/08/07,0,15,29
2017/08/08,0,13,28.5
2017/08/09,12.5,13,22
2017/08/10,2.2,12,19
2017/08/11,0,12,26
2017/08/12,0,12.5,25
2017/08/13,4.2,12.5,27
2017/08/14,10.8,13,27
2017/08/15,0,13,27
2017/08/16,0,14,26
2017/08/17,13.6,13,27
2017/08/18,6.8,13,27
2017/08/19,0,13,25
2017/08/20,0,13,27
2017/08/21,0,13,26
2017/08/22,11.5,13,27
2017/08/23,0,13,26
2017/08/24,0,13.5,26
2017/08/25,2.5,14,24
2017/08/26,1.8,14,27
2017/08/27,7.2,14,24
2017/08/28,2.5,13.5,25
2017/08/29,37.9,13,21
2017/08/30,43.8,12,22
2017/08/31,7.5,13,22
2017/09/01,1,13,24
2017/09/02,0,13,23
2017/09/03,2.5,12,24.5
2017/09/04,21.5,12.5,22.5
2017/09/05,16.8,13,22
2017/09/06,0,12,23
2017/09/07,0,13,20.5
2017/09/08,1.8,12,20
2017/09/09,0,12,19.5
2017/09/10,0,9,19
2017/09/11,0,7.5,21.5
2017/09/12,0,13,24
2017/09/13,0,10,24
2017/09/14,0,12,26
2017/09/15,0,12,26.5
2017/09/16,0,13,26
2017/09/17,52.6,13,29
2017/09/18,1.3,14,26
2017/09/19,0,15,27
2017/09/20,10.8,13,26
2017/09/21,0,13,26
2017/09/22,0,13,26.5
2017/09/23,0,13.5,25
2017/09/24,0,14,25
2017/09/25,2.5,14,25.5
2017/09/26,5.8,14,26.5
2017/09/27,3.8,13,24
2017/09/28,1.5,13,22.5
2017/09/29,0,13,20
2017/09/30,0,13.5,20
2017/10/01,6.3,13,22.5
2017/10/02,0,12,20.5
2017/10/03,1.8,12.5,21
2017/10/04,0,11.5,23.5
2017/10/05,0,11,24
2017/10/06,0,12,23
2017/10/07,0,9,26
2017/10/08,7.9,13,25.5
2017/10/09,0,12,26
2017/10/10,0,13,24.5
2017/10/11,0,10.5,21
2017/10/12,0,11,19
2017/10/13,0,11,22
2017/10/14,9.2,11.5,25
2017/10/15,0,13,25
2017/10/16,0,12,22
2017/10/17,0,10,20.5
2017/10/18,0,11,25
2017/10/19,0,18,25.5
2017/10/20,0,11,26
2017/10/21,0,11,22.5
2017/10/22,0,10,26
2017/10/23,0,10,22.5
2017/10/24,0,9,21
2017/10/25,0,6,20
2017/10/26,0,7,24
2017/10/27,0,8,25
2017/10/28,0,8.5,25
2017/10/29,0,10.5,25
2017/10/30,1.1,12,24.5
2017/10/31,4.6,12,25.5
2017/11/01,0,13,25
2017/11/02,0,11,27
2017/11/03,0,9,22
2017/11/04,0,8,26
2017/11/05,0,9,26.5
2017/11/06,0,13,27
2017/11/07,0,13,27
2017/11/08,0,9,30
2017/11/09,0,9,25.5
2017/11/10,0,9.5,25
2017/11/11,0,9,25
2017/11/12,0,9.5,25.5
2017/11/13,0,7,23.5
2017/11/14,0,8.5,22
2017/11/15,0,6,24
2017/11/16,0,7,24.5
2017/11/17,0,6,25
2017/11/18,0,7,25.5
2017/11/19,0,7,21.5
2017/11/20,0,7,24
2017/11/21,0,8,24
2017/11/22,0,4,20.5
2017/11/23,0,4,20
2017/11/24,0,4.5,22.5
2017/11/25,0,5,24
2017/11/26,0,4,22.5
2017/11/27,0,5,24
2017/11/28,0,5,24
2017/11/29,0,5.5,24
2017/11/30,0,3.5,22
2017/12/01,0,4,21
2017/12/02,0,6,23
2017/12/03,0,7,24
2017/12/04,0,7,25
2017/12/05,0,7,26
2017/12/06,0,7,26
2017/12/07,0,9,26
2017/12/08,0,3,24
2017/12/09,0,1,24
2017/12/10,0,1,19
2017/12/11,0,2,22
2017/12/12,0,2.5,22
2017/12/13,0,4,24
2017/12/14,0,6,25
2017/12/15,0,7,27
2017/12/16,0,8,24
2017/12/17,0,8,22
2017/12/18,0,8,25.5
2017/12/19,0,8,24.5
2017/12/20,0,7.5,26
2017/12/21,0,7,26
2017/12/22,0,7,26
2017/12/23,0,6.5,24
2017/12/24,0,7,26
2017/12/25,0,6,23
2017/12/26,0,6,23
2017/12/27,0,5,24
2017/12/28,0,6,23.5
2017/12/29,0,6,22
2017/12/30,0,5.5,24
2017/12/31,0,6,24
2018/01/01,0,5,25
2018/01/02,0,5,23
2018/01/03,0,6,23.5
2018/01/04,0,6,23
2018/01/05,0,6.5,24
2018/01/06,0,5,24
2018/01/07,0,4.5,20
2018/01/08,0,4.5,22
2018/01/09,0,4,24
2018/01/10,0,5,26
2018/01/11,0,6.5,25.5
2018/01/12,0,4.5,23
2018/01/13,0,1,21
2018/01/14,0,1,20.5
2018/01/15,0,2,22.5
2018/01/16,0,3,23
2018/01/17,0,3,22
2018/01/18,0,4,22
2018/01/19,0,4,23
2018/01/20,0,4.5,24
2018/01/21,0,6,26
2018/01/22,0,6,27
2018/01/23,0,7.5,25.5
2018/01/24,16.7,6,22
2018/01/25,0,6.5,20
2018/01/26,0,6.5,22
2018/01/27,0,7,23.5
2018/01/28,0.01,7,14
2018/01/29,0,2,12
2018/01/30,0,2,13.5
2018/01/31,0,5,22.5
2018/02/01,0,7,25
2018/02/02,0,8,26
2018/02/03,0,8,26
2018/02/04,0,9,27.5
2018/02/05,0,9.5,28
2018/02/06,0,9,28
2018/02/07,0,9.5,25
2018/02/08,0.01,8,24
2018/02/09,6.5,8,22
2018/02/10,0,8,20
2018/02/11,0,8,24
2018/02/12,0,9,25
2018/02/13,0,11.5,24
2018/02/14,0,9,26
2018/02/15,0,8,26.5
2018/02/16,0,8,28.5
2018/02/17,0,8,27
2018/02/18,0,9,27
2018/02/19,0,11,26
2018/02/20,0,10,26.5
2018/02/21,0,10,27
2018/02/22,6.7,10,27
2018/02/23,0,10.5,26
2018/02/24,0,10,28
2018/02/25,0,11,27
2018/02/26,0,11,27.5
2018/02/27,0,11.5,28
2018/02/28,0,12,29
2018/03/01,0,11,28.5
2018/03/02,0,7,28.5
2018/03/03,0,9,29
2018/03/04,0,10,29.5
2018/03/05,0,11.5,29
2018/03/06,0,11,29
2018/03/07,2.2,8,25
2018/03/08,0,9,27
2018/03/09,0.27,10,27
2018/03/10,0,11,30
2018/03/11,0,11.5,31.5
2018/03/12,0,11,30
2018/03/13,0,10,29
2018/03/14,8.1,10,28.5
2018/03/15,1.2,10,29
2018/03/16,0,10.5,28.5
2018/03/17,0,11,25
2018/03/18,0,11.5,28.5
2018/03/19,0,11,31
2018/03/20,0,11,31
2018/03/21,0,12,29.5
2018/03/22,0,11,28
2018/03/23,0,9.5,28.5
2018/03/24,0,9,30
2018/03/25,0,10.5,32
2018/03/26,0,12,31
2018/03/27,0,13,32
2018/03/28,0,12,31
2018/03/29,0,11,31
2018/03/30,0,12.5,32.5
2018/03/31,0,8,27
2018/04/01,0,9,28
2018/04/02,0,11,30
2018/04/03,1.8,11.5,29.5
2018/04/04,1.7,11.5,29
2018/04/05,5.8,12.5,28
2018/04/06,5.3,9.5,26
2018/04/07,0,9,29
2018/04/08,0.01,11,29.5
2018/04/09,3.2,11,29
2018/04/10,4.7,10,26
2018/04/11,3.5,10,25.5
2018/04/12,0,11,25
2018/04/13,0,10.5,27
2018/04/14,0,10,29
2018/04/15,0,10,27.5
2018/04/16,0,10.5,28
2018/04/17,0,13,29
2018/04/18,0,12,29.5
2018/04/19,0,10.5,29.5
2018/04/20,0,11,28.5
2018/04/21,4.8,12,31
2018/04/22,9.3,13,30
2018/04/23,0,14,28
2018/04/24,4.2,11,26
2018/04/25,0,11.5,25
2018/04/26,5.4,12.5,29
2018/04/27,1.2,11,29
2018/04/28,0,12,26
2018/04/29,0,12.5,28.5
2018/04/30,0,11,28
2018/05/01,3.6,11.5,27.5
2018/05/02,0,12,25
2018/05/03,0,13,29.5
2018/05/04,3.5,12.5,28
2018/05/05,0.01,11,25
2018/05/06,0,12,26
2018/05/07,0,13,25.5
2018/05/08,15.2,11,19
2018/05/09,0,11.5,26
2018/05/10,1.1,12,27
2018/05/11,0,12,29
2018/05/12,6.9,13,31
2018/05/13,0,12,30
2018/05/14,0,14,30
2018/05/15,0,13,30.5
2018/05/16,0,13.5,31
2018/05/17,0,13,30
2018/05/18,0,13.5,32
2018/05/19,8.3,14,33
2018/05/20,5.2,12.5,33
2018/05/21,1.2,12.5,31.5
2018/05/22,4.2,13,30
2018/05/23,0,12.5,30
2018/05/24,0,13,29.5
2018/05/25,0,11.5,29
2018/05/26,0,11,30.5
2018/05/27,0,11.5,31
2018/05/28,0,13,33
2018/05/29,0,13.5,34
2018/05/30,0,14,34
2018/05/31,0,13.5,34
2018/06/01,0,13,33.5
2018/06/02,0,13,30
2018/06/03,0,11.5,29.5
2018/06/04,0,12.5,31
2018/06/05,1.7,13,32.5
2018/06/06,0,13,32.5
2018/06/07,0,13.5,32
2018/06/08,38.2,13,28.5
2018/06/09,9.2,12,25
2018/06/10,0,13,31
2018/06/11,29.1,14.5,29
2018/06/12,14.5,14,24
2018/06/13,17.5,13,23
2018/06/14,30.3,13.5,25
2018/06/15,5.8,14,24
2018/06/16,0,14,28
2018/06/17,10.8,14,26
2018/06/18,15.8,12,22
2018/06/19,4.2,12,25
2018/06/20,1.8,13.5,23
2018/06/21,0.01,12,22.5
2018/06/22,0,13,27
2018/06/23,0,13,27
2018/06/24,14.2,14,25
2018/06/25,4.8,13,23
2018/06/26,20.5,12,25
2018/06/27,3.2,12,26
2018/06/28,1.2,12,25
2018/06/29,2.4,10.5,25.5
2018/06/30,8.3,11,27
2018/07/01,0,12,28
2018/07/02,0.01,13,27.5
2018/07/03,0,12,23
2018/07/04,0,11.5,26
2018/07/05,0,10.5,26
2018/07/06,0,11,23
2018/07/07,6.5,11.5,24
2018/07/08,8.6,10.5,23.5
2018/07/09,6.2,11,26
2018/07/10,13.4,10,25
2018/07/11,17.3,11,24
2018/07/12,0,11,25
2018/07/13,12.2,11,25.5
2018/07/14,12.5,12,25
2018/07/15,0,11,27
2018/07/16,0,13,27
2018/07/17,13.6,11,26
2018/07/18,0,11,27
2018/07/19,0,12,28
2018/07/20,0,11,26
2018/07/21,0,11.5,28
2018/07/22,0,11,28
2018/07/23,0,12.5,31
2018/07/24,0,12,30
2018/07/25,0,12,32
2018/07/26,3.2,11.5,29
2018/07/27,5.2,11,28
2018/07/28,0,12.5,28
2018/07/29,0,11,28
2018/07/30,2.5,11,28
2018/07/31,12.5,11.5,25
2018/08/01,0,11,27
2018/08/02,0,12,25
2018/08/03,3.7,13,22.5
2018/08/04,14.5,12,22
2018/08/05,5.8,11.5,24
2018/08/06,24.7,11,24
2018/08/07,6.7,12,26
2018/08/08,5.8,12,26
2018/08/09,6.3,11.5,25
2018/08/10,14.3,11.5,23
2018/08/11,1.8,12,25
2018/08/12,1.2,12,21
2018/08/13,0.01,10.5,23
2018/08/14,0.01,11.5,26
2018/08/15,8.2,12,26
2018/08/16,0.01,11,26
2018/08/17,8.2,11,26
2018/08/18,0,13,24
2018/08/19,0,12,27
2018/08/20,3.8,12,25.5
2018/08/21,4.2,12,22
2018/08/22,7.8,13,24
2018/08/23,0,12,26
2018/08/24,3.5,11,26
2018/08/25,2.5,12,26
2018/08/26,2.5,12,24
2018/08/27,0.01,12.5,25
2018/08/28,0.01,13,23.5
2018/08/29,0,11,22
2018/08/30,7.3,12.5,25
2018/08/31,2.5,11.5,26
2018/09/01,0.01,12,26
2018/09/02,18.2,11.5,25
2018/09/03,0.01,13,25.5
2018/09/04,0,12,26.5
2018/09/05,2.4,12,25
2018/09/06,0.01,12,25.5
2018/09/07,0,12,26
2018/09/08,0,11,26.5
2018/09/09,0,12,28
2018/09/10,0,13.5,27
2018/09/11,17.5,12,24
2018/09/12,25.2,12.5,26.5
2018/09/13,0.01,12.5,25
2018/09/14,0,13,25
2018/09/15,0,14,26
2018/09/16,0,13,24
2018/09/17,1.5,12,24
2018/09/18,7.5,12,24
2018/09/19,0,12,25
2018/09/20,0,11,26
2018/09/21,3.2,13,27
2018/09/22,11.7,14,27
2018/09/23,11.3,11.5,25.5
2018/09/24,0.01,13,25.5
2018/09/25,0,12,25
2018/09/26,8.2,13,24
2018/09/27,0,12,23.5
2018/09/28,0,11,24
2018/09/29,4.1,12,23.5
2018/09/30,0,12.5,25
2018/10/01,0,10,24
2018/10/02,0,11,23
2018/10/03,0,13,22
2018/10/04,0,11,24
2018/10/05,0,11,23
2018/10/06,21.5,11,25
2018/10/07,0,12,24
2018/10/08,4.6,11,23
2018/10/09,12.2,12,25.5
2018/10/10,73.2,13,25
2018/10/11,0,13,24
2018/10/12,10.3,12.5,24.5
2018/10/13,0,12.5,24
2018/10/14,0,12,26
2018/10/15,0,13,26
2018/10/16,5.6,10.5,25
2018/10/17,0,11,20
2018/10/18,0,11.5,20
2018/10/19,0,11.5,22
2018/10/20,0,12,20
2018/10/21,2.6,11.5,20
2018/10/22,0,11,25
2018/10/23,0,9.5,26
2018/10/24,0,10,26
2018/10/25,0,12,26
2018/10/26,5.2,11,26.5
2018/10/27,0,10.5,21
2018/10/28,0,12,21
2018/10/29,2.3,11,22.5
2018/10/30,14.3,11,24
2018/10/31,1.8,10,25
2018/11/01,14.8,11,24
2018/11/02,9.2,11,20
2018/11/03,9.3,10.5,22.5
2018/11/04,0.01,10,18
2018/11/05,0,9,24
2018/11/06,0,9,25
2018/11/07,0,11,25.5
2018/11/08,0,11,26
2018/11/09,0,10,25
2018/11/10,0,11,25
2018/11/11,0,11,25
2018/11/12,8.2,11,26
2018/11/13,8.9,4,19
2018/11/14,13.2,3,9
2018/11/15,0,4,20
2018/11/16,0,5,22
2018/11/17,0,7,23
2018/11/18,0,5.5,22
2018/11/19,0,6,25
2018/11/20,0,8,25
2018/11/21,0,8.5,24
2018/11/22,0,8.5,25
2018/11/23,0,9,26
2018/11/24,0,10,26
2018/11/25,0,9.5,27
2018/11/26,0,9,23
2018/11/27,0,9,24.5
2018/11/28,0,12,20
2018/11/29,0,10,19
2018/11/30,0,8,21
2018/12/01,0,7,26
2018/12/02,0,8,26
2018/12/03,0,8,26
2018/12/04,18.5,9,25
2018/12/05,0,7.5,20
2018/12/06,0.01,8.5,24
2018/12/07,0,8.5,25
2018/12/08,0,8.5,25.5
2018/12/09,0,9,23
2018/12/10,0,7,21
2018/12/11,0,7,21
2018/12/12,0,7,24
2018/12/13,0,6,22
2018/12/14,0,4.5,19
2018/12/15,0,2,20
2018/12/16,0,4.5,22
2018/12/17,0,5,22.5
2018/12/18,0,7,24.5
2018/12/19,0,4.5,23
2018/12/20,0,2,20
2018/12/21,0,2.5,21
2018/12/22,0,3,22
2018/12/23,0,3.5,23
2018/12/24,0,3.5,23.5
2018/12/25,0,4.5,22
2018/12/26,0,7,23
2018/12/27,0,6,24.5
2018/12/28,0,6,23
2018/12/29,0,8,26
2018/12/30,0,7,24
2018/12/31,0,6,24
2019/01/01,0,6,24.5
2019/01/02,0,6,22
2019/01/03,0,6,24.5
2019/01/04,0,7.5,25
2019/01/05,0,6.5,25
2019/01/06,0,7,25
2019/01/07,0,5,24
2019/01/08,0,4,24
2019/01/09,0,5,22
2019/01/10,0,7,23
2019/01/11,0,8,25
2019/01/12,3.2,10,22
2019/01/13,0,9,19.5
2019/01/14,0,6,20
2019/01/15,0,6,21.5
2019/01/16,0,8,23
2019/01/17,0,9,22
2019/01/18,0,7.5,23
2019/01/19,0,7,23
2019/01/20,0,5,24
2019/01/21,0,5,25.5
2019/01/22,0,5.5,25.5
2019/01/23,0,7,26
2019/01/24,0,7,26
2019/01/25,0,7.5,26.5
2019/01/26,0,7.5,25
2019/01/27,0,5,20
2019/01/28,0,5,25.5
2019/01/29,0,6.5,23
2019/01/30,0,6,26
2019/01/31,0,6,25.5
2019/02/01,0,5.5,25
2019/02/02,0,7,26
2019/02/03,0,7,27
2019/02/04,0,9,28
2019/02/05,0,9,28
2019/02/06,0,10,29
2019/02/07,0,10,28
2019/02/08,0,7,20
2019/02/09,0,6.5,23.5
2019/02/10,0,7.5,26
2019/02/11,0,9.5,28
2019/02/12,0,8.5,23
2019/02/13,0.01,9,25
2019/02/14,0,10,26.5
2019/02/15,0,10.5,29
2019/02/16,0,11,31
2019/02/17,0,11,32
2019/02/18,0,10,33
2019/02/19,0,9,30
2019/02/20,0,9.5,29
2019/02/21,0,9,28
2019/02/22,0,10,29
2019/02/23,0.01,11,27
2019/02/24,0,11,26
2019/02/25,2.8,9,26
2019/02/26,0,9,22
2019/02/27,0,9.5,30
2019/02/28,0,10.5,29
2019/03/01,0,12,30.5
2019/03/02,0,12,31
2019/03/03,0,12,31
2019/03/04,4.1,10,30
2019/03/05,0,10,29
2019/03/06,0,10.5,29
2019/03/07,1.5,11,30
2019/03/08,0,12,30
2019/03/09,0,12,31
2019/03/10,0,12.5,31
2019/03/11,0,10.5,33
2019/03/12,0,11,32
2019/03/13,0,12,31
2019/03/14,0,7,31
2019/03/15,0,10,28
2019/03/16,0,10,27
2019/03/17,0,9.5,26.5
2019/03/18,0,8,27
2019/03/19,0,9,27.5
2019/03/20,0,9,28
2019/03/21,0,9,26
2019/03/22,0,9,26
2019/03/23,0,10,27
2019/03/24,0,10,28.5
2019/03/25,0,7,29
2019/03/26,0,7,28
2019/03/27,0,8.5,28
2019/03/28,0,8,29
2019/03/29,0,10,31
2019/03/30,0,14,32
2019/03/31,0,13,29
2019/04/01,0,11.5,29.5
2019/04/02,0,12,30
2019/04/03,0,12,29.5
2019/04/04,0,13,28.5
2019/04/05,0.01,12,28
2019/04/06,0,10.5,28
2019/04/07,0,12,30
2019/04/08,0.01,10,27
2019/04/09,0,9.5,25.5
2019/04/10,0,10,31
2019/04/11,0,12.5,31
2019/04/12,0,12,31
2019/04/13,0,10,31
2019/04/14,0,10,31
2019/04/15,0,11,33
2019/04/16,0,14,34
2019/04/17,5,12.5,33
2019/04/18,0,10,32
2019/04/19,0,9,27
2019/04/20,0,9.5,30
2019/04/21,0,12,33
2019/04/22,0.01,13.5,31
2019/04/23,0,13,32
2019/04/24,0,11.5,31
2019/04/25,0,12.5,33.5
2019/04/26,0,13,30
2019/04/27,0,12,29
2019/04/28,0,14,30
2019/04/29,0,11,30
2019/04/30,2.5,10,30
2019/05/01,0,11,32
2019/05/02,0,13.5,32
2019/05/03,0,13.5,31
2019/05/04,0,14,29
2019/05/05,0,13.5,30
2019/05/06,0,11.5,31
2019/05/07,0,12,33
2019/05/08,0,12,34
2019/05/09,0,13,32
2019/05/10,0,13,35
2019/05/11,0,13.5,34
2019/05/12,0,13.5,32.5
2019/05/13,0,12,33
2019/05/14,0,12.5,34
2019/05/15,0.01,14,30.5
2019/05/16,4.7,13,30
2019/05/17,4.9,12.5,28
2019/05/18,1.2,12,32
2019/05/19,0,13,33
2019/05/20,0,14,34
2019/05/21,2.2,13,34
2019/05/22,0,14,30.5
2019/05/23,0,14.5,33
2019/05/24,1.5,13,31
2019/05/25,0,13,30.5
2019/05/26,0,13.5,32
2019/05/27,0,14,32
2019/05/28,0,15,34
2019/05/29,0,16,33
2019/05/30,0,14,32.5
2019/05/31,0,14.5,31
2019/06/01,0,14.5,33
2019/06/02,0,14,21
2019/06/03,0,15,25
2019/06/04,1.5,14,26
2019/06/05,17.8,13,26.5
2019/06/06,22.5,13,22
2019/06/07,22.3,12,27
2019/06/08,0,12.5,29
2019/06/09,0,12,31
2019/06/10,0,12,28
2019/06/11,0,12,29
2019/06/12,0,0,30
2019/06/13,28.2,13.5,32
2019/06/14,0,13.5,28
2019/06/15,0,13,29
2019/06/16,0,14,34
2019/06/17,0,15,31.5
2019/06/18,2.8,15,30
2019/06/19,2.1,14,29
2019/06/20,15.5,14,31
2019/06/21,2.6,16,33
2019/06/22,0,15,31.5
2019/06/23,23.3,14,28
2019/06/24,2.5,13,22.5
2019/06/25,9.7,13,24
2019/06/26,1.2,13,26
2019/06/27,1.6,11,27
2019/06/28,0.01,11,26
2019/06/29,0.01,10,26
2019/06/30,3.8,10,26
2019/07/01,1.3,11.5,24
2019/07/02,20.7,12,23
2019/07/03,0,12,29
2019/07/04,1.2,13,28
2019/07/05,0,12,30
2019/07/06,11.13,11.5,26
2019/07/07,0,12,29
2019/07/08,4.9,11,27
2019/07/09,0.01,12,29
2019/07/10,8.7,13,27
2019/07/11,9.8,11,25
2019/07/12,5.2,13,24
2019/07/13,0,13,25
2019/07/14,5.7,12.5,28
2019/07/15,0,12,29
2019/07/16,0,12.5,29
2019/07/17,0,12,24
2019/07/18,24.7,12.5,26
2019/07/19,33.4,12,25.5
2019/07/20,0,13,25
2019/07/21,2.1,11.5,25
2019/07/22,0,12,25.5
2019/07/23,16.4,12,24
2019/07/24,0,13,24.5
2019/07/25,19.5,12,23
2019/07/26,4.6,12,26
2019/07/27,0,10,28
2019/07/28,3.7,10.5,29
2019/07/29,0,12,23.5
2019/07/30,0,11,27
2019/07/31,0,11,26.5
2019/08/01,0,11,29
2019/08/02,0,11.5,29
2019/08/03,0,12,29
2019/08/04,0,13.5,27.5
2019/08/05,12.5,13,27
2019/08/06,1.8,13,24
2019/08/07,33.5,12,24
2019/08/08,0,13,30
2019/08/09,26.5,12,27
2019/08/10,0.01,13,28
2019/08/11,5.2,13.5,26
2019/08/12,0.01,12,29
2019/08/13,0,13,29
2019/08/14,0,13,29.5
2019/08/15,0,13,29.5
2019/08/16,0,13,29
2019/08/17,0,13,28
2019/08/18,0,12,28
2019/08/19,0,10,26
2019/08/20,0.01,10.5,26
2019/08/21,0,10,26
2019/08/22,0,14.5,27
2019/08/23,0,11,28
2019/08/24,0,13,28
2019/08/25,52.7,12,25
2019/08/26,0,12,28
2019/08/27,2.8,13,28
2019/08/28,0,12,27
2019/08/29,9.5,11,27.5
2019/08/30,0,11,27
2019/08/31,0,10.5,27
2019/09/01,0,11,28
2019/09/02,0,12.5,27.5
2019/09/03,0,13,26
2019/09/04,3.1,11,22
2019/09/05,0,13.5,28
2019/09/06,0,12,26
2019/09/07,0,11,24.5
2019/09/08,0,11,28
2019/09/09,0,13,27
2019/09/10,18.5,13,25.5
2019/09/11,0,13,26
2019/09/12,0,13.5,26
2019/09/13,0,13,22
2019/09/14,0,12,24
2019/09/15,0,13,27
2019/09/16,2.5,12,26
2019/09/17,8,14,27
2019/09/18,21.5,13,25
2019/09/19,15.5,12.5,26
2019/09/20,0.01,13,26.5
2019/09/21,0,14,26
2019/09/22,0,11,26.5
2019/09/23,0,12,27
2019/09/24,40.2,13.5,27
2019/09/25,6.4,12.5,24
2019/09/26,0,13,26
2019/09/27,0,14,28
2019/09/28,0.01,14.5,26
2019/09/29,0.01,12,26
2019/09/30,5.2,12,26
2019/10/01,5.2,12.5,27
2019/10/02,0,11,26
2019/10/03,3.3,12,25.5
2019/10/04,0,12,26
2019/10/05,0,12,25.5
2019/10/06,0,11.5,26
2019/10/07,0,11.5,24
2019/10/08,0,13,18
2019/10/09,3.2,13,26
2019/10/10,0,14,27
2019/10/11,0,13,27
2019/10/12,0,11.5,25
2019/10/13,1.5,11,27
2019/10/14,0,12,27
2019/10/15,0,14,28
2019/10/16,5.8,13,22
2019/10/17,2.5,13,24
2019/10/18,2.2,12,25
2019/10/19,0.01,12.5,25.5
2019/10/20,0,12.5,26
2019/10/21,0,13.5,28
2019/10/22,0,12.5,23
2019/10/23,0,11,24
2019/10/24,12.5,12,26
2019/10/25,7.5,12,23
2019/10/26,2.3,12,23.5
2019/10/27,24.2,12,25
2019/10/28,0,12,26
2019/10/29,2.1,14,26
2019/10/30,21.5,12,26
2019/10/31,0,10.5,21
2019/11/01,2.5,10.5,24.5
2019/11/02,2.8,10.5,19
2019/11/03,3.2,10.5,23
2019/11/04,0,11,25
2019/11/05,0,10,24
2019/11/06,0,11,25
2019/11/07,0,10.5,26
2019/11/08,0,11.5,25
2019/11/09,0,10,24.5
2019/11/10,0,10.5,25
2019/11/11,0,11,26
2019/11/12,0,9.5,24
2019/11/13,0,10.5,22
2019/11/14,0,11,25
2019/11/15,0,9,23
2019/11/16,0,8,23
2019/11/17,0,9,25
2019/11/18,2.2,10,27
2019/11/19,0,11,24
2019/11/20,0,11,25.5
2019/11/21,0,10,25.5
2019/11/22,0,10,27
2019/11/23,0,10,26
2019/11/24,0,10,25.5
2019/11/25,0,11,27
2019/11/26,0,10.5,27
2019/11/27,0,9.5,26
2019/11/28,0,10,27
2019/11/29,0,11,21.5
2019/11/30,0,9,26.5
2019/12/01,0,9,27
2019/12/02,0,9.5,24
2019/12/03,0,8,25.5
2019/12/04,0,7,24.5
2019/12/05,0,6.5,24
2019/12/06,0,5.5,24.5
2019/12/07,0,6.5,24
2019/12/08,0,6.5,25
2019/12/09,0,7,27
2019/12/10,0,6,26
2019/12/11,0,6.5,24
2019/12/12,0,8,24
2019/12/13,0,6,19
2019/12/14,0,6.5,25
2019/12/15,0,7,26
2019/12/16,0,8,25
2019/12/17,0,7,24
2019/12/18,0,4.5,19
2019/12/19,0,5,23
2019/12/20,0,8.5,20
2019/12/21,0,7,19
2019/12/22,0,6,16
2019/12/23,0,6,24
2019/12/24,0,7,26
2019/12/25,0,6,24
2019/12/26,0,6,21
2019/12/27,0,7,26
2019/12/28,0,8.5,24
2019/12/29,0,7.5,22.5
2019/12/30,0,8,26.5
2019/12/31,0,8,27
2020/01/01,0,9,26.5
2020/01/02,0,9,24
2020/01/03,0,6,24
2020/01/04,0,2.5,19
2020/01/05,0,8,24
2020/01/06,0,4.5,29
2020/01/07,0,1.5,22
2020/01/08,0,5,25
2020/01/09,0,6,26
2020/01/10,0,6.5,27
2020/01/11,0,6.5,26
2020/01/12,0,7,26
2020/01/13,0,7,26
2020/01/14,0,8,27
2020/01/15,0,10,26
2020/01/16,0,7.5,25
2020/01/17,0,9,25
2020/01/18,2.6,9.5,24.5
2020/01/19,2.1,9.5,17
2020/01/20,0.01,4,16
2020/01/21,0,4.5,21
2020/01/22,0,6,24.5
2020/01/23,0,8,24
2020/01/24,0,6.5,23
2020/01/25,0,7,25
2020/01/26,0,8.5,24
2020/01/27,0,5.5,26
2020/01/28,0,6,26
2020/01/29,0,7,27
2020/01/30,0,10,25
2020/01/31,0,6.5,24
2020/02/01,0,9,24
2020/02/02,0,9.5,24
2020/02/03,0,11,25
2020/02/04,0,11,25.5
2020/02/05,0,11,23
2020/02/06,0,7.5,26
2020/02/07,0,8,28
2020/02/08,0,6,28
2020/02/09,0,8,29
2020/02/10,0,10,30
2020/02/11,0,10,30
2020/02/12,0,10,28
2020/02/13,0,9.5,27
2020/02/14,1.8,8.5,27.5
2020/02/15,0,8.5,27
2020/02/16,0,9,29
2020/02/17,0,10,32
2020/02/18,0,9.5,31
2020/02/19,0,10,30
2020/02/20,0,10,27.5
2020/02/21,0,8.5,28
2020/02/22,0,9,28
2020/02/23,0,10.5,30
2020/02/24,0,11.5,33
2020/02/25,0,10,31
2020/02/26,0,4.5,26
2020/02/27,0,5,28
2020/02/28,0,8,28
2020/02/29,0,9,29
2020/03/01,0,11,32
2020/03/02,0,12,32
2020/03/03,0,11,30
2020/03/04,0,11,31
2020/03/05,0,8.5,31
2020/03/06,0,7.5,30.5
2020/03/07,0,7,27
2020/03/08,0,9,28
2020/03/09,0,10,31
2020/03/10,0,10,30
2020/03/11,0,11,28.5
2020/03/12,0,12,31
2020/03/13,0,13,32
2020/03/14,0,11,33
2020/03/15,0,12,30
2020/03/16,0,9.5,28
2020/03/17,0,10,29
2020/03/18,0,11,29.5
2020/03/19,0,12,31
2020/03/20,0,12.5,30
2020/03/21,0,12,29
2020/03/22,0,10,30
2020/03/23,0,11,32
2020/03/24,0,11.5,33
2020/03/25,0,12,35
2020/03/26,0,13,36
2020/03/27,0,13,34.5
2020/03/28,0,13,35
2020/03/29,0,12.5,33
2020/03/30,0,13,33
2020/03/31,0,12,30.5
2020/04/01,13.5,13,31
2020/04/02,8.8,11.5,30
2020/04/03,0,12,30.5
2020/04/04,4.8,13,31
2020/04/05,0,12.5,31
2020/04/06,0,13,30
2020/04/07,0,13,29
2020/04/08,0,13.5,33
2020/04/09,0,13,32
2020/04/10,0,13,33
2020/04/11,0,13,33
2020/04/12,0,12,32
2020/04/13,0,13,34
2020/04/14,0,13.5,34
2020/04/15,0,14,32
2020/04/16,0,15,33.5
2020/04/17,10.5,13,33.5
2020/04/18,0,13.5,32
2020/04/19,0,14.5,32
2020/04/20,1.5,15,34
2020/04/21,37.3,12.5,30.5
2020/04/22,0,12,33.5
2020/04/23,0,14,31
2020/04/24,0,13,31
2020/04/25,0,13,29
2020/04/26,0,12,29
2020/04/27,0,12,31
2020/04/28,0,13,29
2020/04/29,0,12.5,29.5
2020/04/30,3.8,10,29
2020/05/01,0,10,27
2020/05/02,0,10,30
2020/05/03,0,12,33
2020/05/04,0,13,33
2020/05/05,6.8,11.5,30
2020/05/06,2.5,11.5,29
2020/05/07,0,11,25
2020/05/08,0.01,12.5,26
2020/05/09,5.8,11,27
2020/05/10,0,12,27
2020/05/11,0,11,26.5
2020/05/12,0,12,28
2020/05/13,0,13,31
2020/05/14,0,14,32
2020/05/15,0,14,31
2020/05/16,0,13.5,32.5
2020/05/17,0,12.5,31
2020/05/18,0,11.5,30
2020/05/19,0,12.5,33
2020/05/20,0,14,31
2020/05/21,0.01,13,31
2020/05/22,0,12.5,33
2020/05/23,0,13.5,32
2020/05/24,0,13,33
2020/05/25,0,14,35
2020/05/26,0,14,35.5
2020/05/27,0,14,30
2020/05/28,0,12,32
2020/05/29,0,12,26
2020/05/30,0,11.5,27
2020/05/31,4.5,12,20
2020/06/01,0,12.5,32
2020/06/02,0,13,31
2020/06/03,0,13,26
2020/06/04,0,14,32
2020/06/05,0,13,33
2020/06/06,0,14,31
2020/06/07,0,15,32
2020/06/08,46.5,13,34
2020/06/09,4.8,14.5,32
2020/06/10,0,15,30
2020/06/11,0,11,27
2020/06/12,0,11,28
2020/06/13,0,10,30.5
2020/06/14,0,11,29
2020/06/15,0,12,30
2020/06/16,0,12,31
2020/06/17,0,14,31.5
2020/06/18,0,14,32
2020/06/19,0,15,32
2020/06/20,0,16,33
2020/06/21,11.4,15,30
2020/06/22,0,14,29
2020/06/23,4.3,13,26
2020/06/24,0.01,14,24
2020/06/25,5.3,13,25
2020/06/26,0,14,30
2020/06/27,0,14,32
2020/06/28,0,15,31
2020/06/29,20.2,15,29
2020/06/30,0,14,28
